Time,Acceleration_X,Acceleration_Y,Acceleration_Z,Pitch_degree,Roll_degree,Yaw_degree,Heading_degree,Pitch_rate,Roll_rate,Yaw_rate
497.867,2.234997803,-0.02755477826,-32.1011568,3.929778655,0.3473315004,,73.95863808,0,0,0
497.867,2.234997803,-0.02755477826,-32.1011568,3.929778655,0.3473315004,,73.95863808,0,0,0
497.867,2.234997803,-0.02755477826,-32.1011568,3.929778655,0.3473315004,,73.95863808,0,0,0
497.867,2.234997803,-0.02755477826,-32.1011568,3.929778655,0.3473315004,,73.95863808,0,0,0
497.867,2.234997803,-0.02755477826,-32.1011568,3.929778655,0.3473315004,,73.95863808,0,0,0
497.867,2.234997803,-0.02755477826,-32.1011568,3.929778655,0.3473315004,,73.95863808,0,0,0
497.867,2.234997803,-0.02755477826,-32.1011568,3.929778655,0.3473315004,,73.95863808,0,0,0
497.867,2.234997803,-0.02755477826,-32.1011568,3.929778655,0.3473315004,,73.95863808,0,0,0
497.867,2.234997803,-0.02755477826,-32.1011568,3.929778655,0.3473315004,,73.95863808,0,0,0
497.867,2.234997803,-0.02755477826,-32.1011568,3.929778655,0.3473315004,,73.95863808,0,0,0
497.975,2.236967014,-0.3145093666,-32.1002608,3.933035393,0.3750828618,,73.96082974,0.0003959203737,0.0041769576,0.0003295179531
498.408,2.236954939,-0.3143947807,-32.10029453,3.933062742,0.3754278075,,73.96085693,0.0001198614663,0.002354908756,0.00018524298
498.408,2.236954939,-0.3143947807,-32.10029453,3.933062742,0.3754278075,,73.96085693,0.0001198614663,0.002354908756,0.00018524298
498.408,2.236954939,-0.3143947807,-32.10029453,3.933062742,0.3754278075,,73.96085693,0.0001198614663,0.002354908756,0.00018524298
498.408,2.236954939,-0.3143947807,-32.10029453,3.933062742,0.3754278075,,73.96085693,0.0001198614663,0.002354908756,0.00018524298
498.492,2.236590017,-0.3133736826,-32.10033721,3.932868205,0.3753779133,,73.96085201,-0.0003371880494,-0.00027108774,-2.300203672e-05
498.592,2.236689188,-0.3136403957,-32.10026911,3.932818697,0.3752989881,,73.96084557,-0.0003298045498,-0.0007280347481,-5.87858193e-05
498.692,2.236643488,-0.3134916985,-32.10033922,3.932784672,0.3752141203,,73.96083874,-0.0003435234697,-0.0009538556515,-7.655904022e-05
498.792,2.236652654,-0.3134415323,-32.10026755,3.932749843,0.3751096208,,73.96083036,-0.0003579542865,-0.001150290526,-9.203218131e-05
498.892,2.23659293,-0.3133286792,-32.10049074,3.932711507,0.3749871022,,73.96082056,-0.000420451293,-0.001304079596,-0.0001044113193
499.6,2.236577828,-0.3132857836,-32.10031164,3.932697654,0.3749431255,,73.96081704,-0.0004097564788,-0.001343310833,-0.000107430968
499.6,2.236577828,-0.3132857836,-32.10031164,3.932697654,0.3749431255,,73.96081704,-0.0004097564788,-0.001343310833,-0.000107430968
499.6,2.236577828,-0.3132857836,-32.10031164,3.932697654,0.3749431255,,73.96081704,-0.0004097564788,-0.001343310833,-0.000107430968
499.6,2.236577828,-0.3132857836,-32.10031164,3.932697654,0.3749431255,,73.96081704,-0.0004097564788,-0.001343310833,-0.000107430968
499.6,2.236577828,-0.3132857836,-32.10031164,3.932697654,0.3749431255,,73.96081704,-0.0004097564788,-0.001343310833,-0.000107430968
499.6,2.236577828,-0.3132857836,-32.10031164,3.932697654,0.3749431255,,73.96081704,-0.0004097564788,-0.001343310833,-0.000107430968
499.6,2.236577828,-0.3132857836,-32.10031164,3.932697654,0.3749431255,,73.96081704,-0.0004097564788,-0.001343310833,-0.000107430968
499.667,2.236358887,-0.312258918,-32.1003515,3.932360102,0.3735485752,,73.96070597,-0.0001887582379,-0.0005504480507,-4.412941689e-05
499.767,2.236366222,-0.3125231595,-32.10031839,3.932339159,0.3734589307,,73.96069883,-0.0001181442915,-0.0008067784826,-6.385349163e-05
499.867,2.236409557,-0.3124030073,-32.1003005,3.932327423,0.3733730178,,73.96069204,-0.0001267191611,-0.0009049861783,-7.159617144e-05
499.967,2.236380231,-0.31234867,-32.10031279,3.932314615,0.3732772408,,73.96068446,-0.0001256123829,-0.001017675458,-8.042301872e-05
500.067,2.23636302,-0.3122597226,-32.10031798,3.93230272,0.373171303,,73.9606761,-0.0001088805484,-0.001102445192,-8.698060131e-05
500.167,2.236334657,-0.3121833134,-32.100335,3.932294459,0.3730548745,,73.96066693,-5.15969639e-05,-0.001219013529,-9.582198794e-05
500.267,2.236420808,-0.3119952018,-32.10031755,3.932289882,0.3729322833,,73.9606573,-5.721883669e-05,-0.001196170348,-9.405989243e-05
500.367,2.236476639,-0.3120051529,-32.10031035,3.93227993,0.3728136703,,73.96064795,-0.0001593655435,-0.00118562793,-9.376210456e-05
500.467,2.236453221,-0.31194001,-32.10031548,3.932258584,0.3726945438,,73.9606385,-0.0002742457199,-0.00119760092,-9.529605982e-05
500.567,2.236537312,-0.3117589552,-32.10019108,3.932228393,0.3725705261,,73.96062862,-0.0003672204018,-0.001236415644,-9.882218549e-05
500.667,2.236380184,-0.3117842595,-32.10033017,3.932185107,0.3724493748,,73.9606189,-0.0004862431233,-0.001197894278,-9.641764599e-05
500.767,2.236262187,-0.3117737216,-32.10036185,3.932135301,0.3723282236,,73.96060915,-0.0004900771764,-0.001250666858,-0.0001005731145
501.15,2.236274857,-0.3116029264,-32.10045704,3.932102542,0.3722452001,,73.96060247,-0.0004985402401,-0.001209977875,-9.742842746e-05
501.15,2.236274857,-0.3116029264,-32.10045704,3.932102542,0.3722452001,,73.96060247,-0.0004985402401,-0.001209977875,-9.742842746e-05
501.15,2.236274857,-0.3116029264,-32.10045704,3.932102542,0.3722452001,,73.96060247,-0.0004985402401,-0.001209977875,-9.742842746e-05
501.192,2.236119764,-0.311088236,-32.10039993,3.931928851,0.371712219,,73.9605598,-0.0003561037842,-0.0009206056504,-7.400436157e-05
501.292,2.236111322,-0.3113710189,-32.10035389,3.931892893,0.3716161567,,73.96055208,-0.0003049303449,-0.000890497864,-7.137798732e-05
501.392,2.236098245,-0.3113319841,-32.10035648,3.931864354,0.3715242365,,73.96054473,-0.0002626583506,-0.0009536711333,-7.611150431e-05
501.492,2.236049919,-0.3113288901,-32.10032388,3.931840415,0.3714251856,,73.96053684,-0.0001988406451,-0.001058090644,-8.39638742e-05
501.617,2.236061406,-0.3112580119,-32.10036361,3.931834084,0.3713895594,,73.96053402,-0.0001759177554,-0.001082972978,-8.579460396e-05
501.692,2.236070927,-0.3110135257,-32.10036526,3.931808521,0.3712065715,,73.96051954,-0.0001402064827,-0.001048925406,-8.293919828e-05
501.792,2.236055425,-0.3110492853,-32.10036445,3.93179554,0.3710934395,,73.96051061,-9.458596828e-05,-0.001045428329,-8.242995618e-05
501.892,2.236126419,-0.311173691,-32.10068357,3.93178822,0.370987859,,73.96050229,-5.213295294e-05,-0.001084591876,-8.527800832e-05
502.058,2.23600433,-0.3108218204,-32.10041047,3.931783408,0.3708750722,,73.96049343,-2.201614597e-05,-0.001119567675,-8.786197683e-05
502.092,2.23605082,-0.3106552904,-32.10038529,3.931785806,0.3707569257,,73.96048418,6.135599586e-05,-0.00113481135,-8.862176256e-05
502.175,2.2359728,-0.3109469353,-32.10006165,3.931790786,0.3706831966,,73.96047843,9.715451365e-05,-0.001102380037,-8.589752501e-05
502.275,2.236133197,-0.3105965569,-32.1003527,3.93180662,0.370551777,,73.96046821,0.0001370892007,-0.001048345435,-8.14548686e-05
502.392,2.236217404,-0.3107549919,-32.10069724,3.931819526,0.3704443485,,73.96045986,9.329351526e-05,-0.0009571457959,-7.453609876e-05
502.492,2.23606474,-0.3103916965,-32.10004057,3.931825809,0.3703404912,,73.96045175,3.516821791e-05,-0.0009165535513,-7.165213106e-05
502.592,2.236111991,-0.3105331148,-32.10037199,3.931830198,0.3702547153,,73.96044505,4.821839668e-05,-0.000820158857,-6.403320784e-05
502.692,2.236116924,-0.3105150752,-32.1003723,3.931835079,0.3701738512,,73.96043874,4.920607501e-05,-0.0007994913086,-6.240816252e-05
502.792,2.236117007,-0.310479547,-32.1003725,3.931840067,0.3700941938,,73.96043252,5.127016224e-05,-0.0007947485378,-6.202580691e-05
502.892,2.236116096,-0.3104408154,-32.10037406,3.93184543,0.3700146166,,73.96042631,5.720736574e-05,-0.0007980009665,-6.225006859e-05
502.992,2.236115991,-0.3103999094,-32.10037366,3.931851574,0.36993444,,73.96042006,6.714789409e-05,-0.0008069068145,-6.289664553e-05
503.092,2.236117156,-0.3103575068,-32.1003743,3.931858874,0.3698531652,,73.96041373,8.046874841e-05,-0.0008201586509,-6.386634102e-05
503.3,2.236108175,-0.310314013,-32.10038406,3.931869711,0.3697658841,,73.96040694,0.0001309959571,-0.0008996751913,-6.98364185e-05
503.3,2.236108175,-0.310314013,-32.10038406,3.931869711,0.3697658841,,73.96040694,0.0001309959571,-0.0008996751913,-6.98364185e-05
503.375,2.236140356,-0.3101206389,-32.100381,3.931896085,0.3695891981,,73.96039323,0.0001623777011,-0.0009075980733,-7.029066937e-05
503.475,2.236160986,-0.3101525979,-32.10037267,3.931911159,0.3695032435,,73.96038657,0.0001427017721,-0.0008392557929,-6.503967068e-05
503.575,2.236150792,-0.3101338474,-32.10037197,3.931925776,0.3694180196,,73.96037997,0.000153650819,-0.0008716084943,-6.752060301e-05
503.675,2.236153383,-0.3100839999,-32.10037404,3.931942131,0.3693289849,,73.96037308,0.000176397629,-0.0009121801497,-7.058281334e-05
503.775,2.236162026,-0.3100298981,-32.10037482,3.931960969,0.3692359436,,73.96036588,0.0002028467228,-0.0009513753534,-7.35180701e-05
503.875,2.236148179,-0.3100113288,-32.10036853,3.931983305,0.3691370806,,73.96035825,0.0002570194826,-0.001046982363,-8.073065618e-05
503.975,2.236212618,-0.3098742948,-32.10036622,3.932009929,0.3690328269,,73.96035022,0.000266129089,-0.001023210339,-7.881931601e-05
504.075,2.236210911,-0.3098544361,-32.10037219,3.932037043,0.3689295702,,73.96034226,0.0002799487339,-0.001049100574,-8.077712606e-05
504.175,2.236185868,-0.3097977493,-32.10039136,3.932066183,0.3688228737,,73.96033405,0.0003144621327,-0.001088263728,-8.366824982e-05
504.275,2.235998974,-0.3098990741,-32.10010367,3.932106372,0.3687131188,,73.96032566,0.0005198664895,-0.001128706752,-8.577422148e-05
504.375,2.236202016,-0.3095609752,-32.10046958,3.932169655,0.3685961317,,73.96031682,0.0007390114727,-0.001164729969,-8.746129561e-05
504.475,2.235883072,-0.3096051802,-32.10054813,3.932254154,0.3684799109,,73.96030815,0.001050074389,-0.001175012231,-8.665548146e-05
504.575,2.235459111,-0.3095452547,-32.10058641,3.932396689,0.3683602996,,73.96029951,0.001960490702,-0.001221129258,-8.555022638e-05
504.675,2.236082583,-0.3096173151,-32.10030447,3.932633238,0.3682350769,,73.96029092,0.002730957584,-0.001329076771,-9.00221591e-05
504.775,2.236621272,-0.3094116255,-32.10034361,3.932920512,0.3680998999,,73.96028181,0.002953931932,-0.001363056768,-9.153465429e-05
504.875,2.237404624,-0.30917813,-32.10052858,3.93320309,0.3679596081,,73.96027228,0.002593318372,-0.00144613386,-9.992014982e-05
504.975,2.237495518,-0.3092513056,-32.10022895,3.933435882,0.3678146129,,73.96026212,0.002028300066,-0.001491429457,-0.0001064137146
505.192,2.238392569,-0.3091165325,-32.09966769,3.933552247,0.3677169136,,73.96025506,0.001281826001,-0.001457998978,-0.0001076678279
505.192,2.238392569,-0.3091165325,-32.09966769,3.933552247,0.3677169136,,73.96025506,0.001281826001,-0.001457998978,-0.0001076678279
505.292,2.238603675,-0.3086002526,-32.0998785,3.933590155,0.3673127867,,73.96022357,-0.001137953895,-0.001221307668,-0.0001016610134
505.408,2.237265228,-0.3088140798,-32.10037652,3.933433396,0.3672018893,,73.96021407,-0.001854063335,-0.001043525266,-9.143687164e-05
505.483,2.236649688,-0.3088346771,-32.10039141,3.933268495,0.3671021363,,73.96020539,-0.001670617267,-0.001144706164,-9.841200702e-05
505.608,2.23635668,-0.3088309396,-32.10045291,3.933115447,0.3669686106,,73.96019413,-0.001062587647,-0.001375800706,-0.0001133712258
505.675,2.236289457,-0.308676967,-32.10050296,3.933043637,0.3668493659,,73.96018441,-0.0006176744646,-0.001442117296,-0.0001162646314
505.775,2.236315787,-0.3066997873,-32.10054091,3.933005751,0.3667491301,,73.96017635,-0.0001129142043,-5.318255217e-05,-4.753764483e-06
505.875,2.236278097,-0.3079383426,-32.10046002,3.933020737,0.3668501759,,73.96018435,0.0004642293025,0.001916121586,0.000152624833
505.975,2.236660349,-0.309406562,-32.10038834,3.933085615,0.3670327271,,73.960199,0.000793131831,0.00150549443,0.0001221409157
506.075,2.236782224,-0.3096182305,-32.10029876,3.933168628,0.3671503708,,73.96020865,0.0008832024831,0.0007328226752,6.203603696e-05
506.175,2.236863028,-0.3093928875,-32.10034974,3.933260584,0.3671881346,,73.96021209,0.0009550884234,7.392347217e-06,5.532744707e-06
506.275,2.237038058,-0.3112266714,-32.10029436,3.933356979,0.3671253,,73.96020766,0.0009403578634,-0.001854907763,-0.000140553242
506.375,2.23703777,-0.3099624871,-32.10047234,3.933449094,0.3668306731,,73.96018504,0.0009049278409,-0.004013035318,-0.0003099479517
506.475,2.237069845,-0.3093497514,-32.10017774,3.933540423,0.3663760978,,73.96014988,0.0009459062006,-0.005159041141,-0.0003995933271
506.575,2.237081738,-0.3087782818,-32.10028777,3.933637322,0.3658000127,,73.96010521,0.001012784684,-0.006365731827,-0.0004938706273
506.675,2.237089275,-0.308051792,-32.10036186,3.933741386,0.3651576945,,73.96005539,0.001086968913,-0.006540844322,-0.0005072259784
506.775,2.237168536,-0.3071554245,-32.09999252,3.933855694,0.3644717359,,73.96000219,0.001177626097,-0.006951567393,-0.0005389756464
506.917,2.237372329,-0.3061339713,-32.10027288,3.933972084,0.3637802124,,73.95994857,0.00113735468,-0.006712730124,-0.0005204681174
506.983,2.237576195,-0.3053724306,-32.10010004,3.934088324,0.3631263254,,73.9598979,0.0009929885356,-0.005213821091,-0.0004036952309
507.083,2.237575927,-0.3053713977,-32.10034701,3.934177133,0.3626681923,,73.95986244,0.0007839284716,-0.003911940641,-0.000302693599
507.183,2.237519025,-0.3046296589,-32.09991645,3.934248109,0.3623308291,,73.95983635,0.0006281500222,-0.002535363572,-0.0001955578819
507.283,2.237582001,-0.3030555713,-32.10033403,3.934306179,0.3622117425,,73.95982731,0.0005235979287,0.0006857152628,5.649129389e-05
507.383,2.237551699,-0.3050412746,-32.10013352,3.934358324,0.3624024013,,73.95984254,0.000523743981,0.00296831155,0.000235495334
507.525,2.237567297,-0.3068589011,-32.10031436,3.934408604,0.3627310221,,73.95986857,0.0004957735218,0.003233301047,0.0002561295578
507.592,2.237640153,-0.3072663236,-32.10032928,3.934461384,0.3630355716,,73.95989272,0.0004647796701,0.002315743546,0.0001840143881
507.692,2.237597549,-0.3072755741,-32.10028831,3.93451039,0.3632301164,,73.95990823,0.0005076870962,0.001534466472,0.0001229687169
507.792,2.237715344,-0.3072530385,-32.1002609,3.934560822,0.3633541193,,73.95991822,0.0004736327579,0.0009050496564,7.343191846e-05
507.892,2.237666082,-0.3071052348,-32.10030509,3.934608058,0.3634128214,,73.95992307,0.0004732100547,0.0003028588252,2.620423335e-05
507.992,2.237682093,-0.3071207357,-32.10030075,3.934655888,0.363425413,,73.95992431,0.0004863815836,-0.0001057612673,-5.77252945e-06
508.092,2.237758017,-0.3067590039,-32.10040868,3.934705297,0.3634033891,,73.95992283,0.0004927884419,-0.0002874709671,-1.998585911e-05
508.192,2.237735438,-0.30685571,-32.10028917,3.934754354,0.3633700608,,73.95992047,0.0004957559225,-0.0004109764234,-2.966255823e-05
508.267,2.237747594,-0.3071922458,-32.10026297,3.934787814,0.3633345453,,73.95991786,0.000510725482,-0.0007333915098,-5.486966769e-05
508.483,2.237781077,-0.3067117997,-32.10028875,3.934831508,0.3632567398,,73.95991199,0.0005410635375,-0.001060204614,-8.034050465e-05
508.483,2.237781077,-0.3067117997,-32.10028875,3.934831508,0.3632567398,,73.95991199,0.0005410635375,-0.001060204614,-8.034050465e-05
508.667,2.237973451,-0.3062831562,-32.10028854,3.934949689,0.3630541,,73.95989671,0.0006761664804,-0.0009818927122,-7.350425123e-05
508.667,2.237973451,-0.3062831562,-32.10028854,3.934949689,0.3630541,,73.95989671,0.0006761664804,-0.0009818927122,-7.350425123e-05
508.825,2.238062914,-0.3062136262,-32.10026986,3.935156942,0.3627794018,,73.95987624,0.0007093351651,-0.0008237215142,-6.092482619e-05
508.883,2.238035905,-0.3060483012,-32.100282,3.935204503,0.3627354012,,73.95987303,0.0007117494625,-0.000484207108,-3.428751825e-05
508.967,2.238033914,-0.3063563367,-32.10026992,3.935283591,0.36268362,,73.95986938,0.0007506056404,-0.00050177951,-3.546496958e-05
509.075,2.23804589,-0.306372715,-32.1002744,3.935367384,0.36262431,,73.95986517,0.0008066269649,-0.000603821473,-4.317896283e-05
509.175,2.237934153,-0.3064965788,-32.09995768,3.93545233,0.3625596554,,73.95986053,0.0009310803766,-0.0007100900722,-5.087050745e-05
509.283,2.238222159,-0.3061464524,-32.10038845,3.935559874,0.3624745764,,73.95985442,0.001014158481,-0.0008024797056,-5.768475211e-05
509.383,2.238170776,-0.3061627495,-32.10034519,3.935665343,0.3623932639,,73.95984859,0.001123225262,-0.0008376148024,-5.987929042e-05
509.483,2.238168938,-0.306157601,-32.10034703,3.935778507,0.3623080655,,73.95984249,0.001184280762,-0.0008753868094,-6.252662015e-05
509.592,2.238364745,-0.3060546497,-32.10024588,3.935913274,0.362210439,,73.95983553,0.00129671033,-0.0009341000962,-6.65473007e-05
509.692,2.238319266,-0.3060385229,-32.10025964,3.936051685,0.36211568,,73.95982882,0.001482274924,-0.0009671079043,-6.818219618e-05
509.808,2.238441744,-0.3060007106,-32.10023148,3.936153143,0.3620504722,,73.95982423,0.001560190648,-0.0009920168242,-6.973361711e-05
509.867,2.238628464,-0.3057957066,-32.10015,3.93629678,0.3619619019,,73.95981802,0.001820112717,-0.001058368054,-7.358841327e-05
509.975,2.238631661,-0.305804338,-32.10022514,3.936557104,0.3618204853,,73.95980828,0.002098010427,-0.001060674959,-7.233324618e-05
510.075,2.23846297,-0.3058539285,-32.10028615,3.93678108,0.361712321,,73.95980096,0.002463715646,-0.001135961328,-7.635074483e-05
510.183,2.238540244,-0.3056727277,-32.10022908,3.937079191,0.3615865912,,73.95979264,0.003159241083,-0.001183833897,-7.650224464e-05
510.283,2.238133724,-0.305633259,-32.10028263,3.93743295,0.3614710797,,73.95978541,0.004100481154,-0.001129813014,-6.738853487e-05
510.383,2.237599075,-0.3055710526,-32.10036992,3.937914457,0.3613553,,73.95977882,0.005825432194,-0.001159993494,-6.081736548e-05
510.483,2.23548787,-0.3057175062,-32.10108947,3.938638129,0.361238541,,73.95977341,0.009431941942,-0.001196456299,-4.49871509e-05
510.583,2.227289275,-0.3054021803,-32.10081107,3.939944747,0.3611164601,,73.9597706,0.01933444631,-0.001204161963,5.760204164e-06
510.683,2.254918034,-0.3050694395,-32.09500141,3.9425193,0.3609978113,,73.95977464,0.02602870104,-0.001126520782,4.653557349e-05
510.783,2.267884888,-0.3050940333,-32.09797799,3.94383681,0.3608949281,,73.95977339,-0.002712915458,-0.0009122865392,-8.576818659e-05
510.883,2.252457006,-0.3050983127,-32.09931598,3.94262111,0.3608132084,,73.95976066,-0.02040114306,-0.0007095161521,-0.000161584845
510.983,2.241981897,-0.3051246858,-32.10085078,3.940288203,0.3607491797,,73.95974353,-0.02508594293,-0.0005517186004,-0.0001734703566
511.083,2.236552449,-0.3052835542,-32.10262318,3.937848382,0.3606985609,,73.9597269,-0.02287385178,-0.0004222975706,-0.0001518082364
511.183,2.234622436,-0.3050756352,-32.1018842,3.93575003,0.3606606331,,73.95971304,-0.01867943375,-0.0003534419739,-0.0001246342126
511.283,2.234128339,-0.3053230104,-32.1013102,3.934072409,0.3606277802,,73.95970176,-0.01463186594,-0.000316677752,-0.0001007402653
511.383,2.233968735,-0.3050959722,-32.10082097,3.93277181,0.3605950232,,73.95969245,-0.01124467768,-0.0003205800095,-8.347075512e-05
511.483,2.233878197,-0.3052213288,-32.10048106,3.931774528,0.3605606852,,73.95968458,-0.008584750089,-0.0003347937732,-7.077501111e-05
511.583,2.234102599,-0.30513854,-32.10037048,3.931013937,0.3605252202,,73.95967786,-0.00655207157,-0.0003637801455,-6.249808576e-05
511.683,2.234054705,-0.3050876634,-32.10056585,3.930430945,0.3604888602,,73.95967198,-0.005041899333,-0.000377680653,-5.574983679e-05
511.783,2.234172694,-0.3051828356,-32.10018519,3.929981406,0.3604522872,,73.95966678,-0.003941524189,-0.0003400079592,-4.708730521e-05
511.883,2.23420767,-0.3050850001,-32.10051697,3.929627828,0.3604156419,,73.95966208,-0.003098272069,-0.000380809714,-4.590580237e-05
511.983,2.234209906,-0.3050552508,-32.10051682,3.929348988,0.3603770071,,73.95965761,-0.00245378157,-0.0003909831215,-4.335936248e-05
512.083,2.234206142,-0.3050320997,-32.10052048,3.929127319,0.3603375137,,73.95965336,-0.00196043991,-0.0003988478591,-4.141443338e-05
512.183,2.234162777,-0.3050992179,-32.10041344,3.928948411,0.3602997964,,73.95964948,-0.001597039505,-0.0003841946953,-3.837935425e-05
512.267,2.234159429,-0.3049058739,-32.10066866,3.928849162,0.3602733591,,73.95964689,-0.001353018519,-0.0003780452134,-3.663167565e-05
512.367,2.234146414,-0.3049961081,-32.10053381,3.928709658,0.3602270624,,73.95964254,-0.001022847615,-0.0004337632328,-3.92813522e-05
512.467,2.234105728,-0.305106575,-32.1002287,3.928615194,0.3601866607,,73.95963889,-0.0008565333438,-0.0004041718362,-3.609986414e-05
512.567,2.234180147,-0.304934505,-32.10055704,3.928534143,0.360141897,,73.95963496,-0.0007589516545,-0.0004718805313,-4.089658491e-05
512.667,2.234153262,-0.3048884159,-32.10055852,3.928461366,0.3600980335,,73.95963115,-0.0006864504585,-0.0004212042388,-3.655191856e-05
512.767,2.234048618,-0.3049217732,-32.10055743,3.928401254,0.3600531836,,73.95962733,-0.000500258003,-0.0004976068205,-4.156788681e-05
512.867,2.234096103,-0.3048426571,-32.10057339,3.928356925,0.3600020097,,73.95962309,-0.0003888470288,-0.000520530094,-4.278521108e-05
512.967,2.234105149,-0.3048100476,-32.10057598,3.928321216,0.3599495917,,73.9596188,-0.0003249006957,-0.0005276714101,-4.301252132e-05
513.067,2.234147494,-0.3047821858,-32.10058506,3.928288851,0.359896476,,73.95961447,-0.0003376955712,-0.000535304119,-4.367658958e-05
513.167,2.234088824,-0.3047524502,-32.10058709,3.928255518,0.3598424939,,73.95961007,-0.0003210005356,-0.0005448883448,-4.434018963e-05
513.267,2.234030446,-0.3046059483,-32.10047332,3.928225608,0.3597912773,,73.95960591,-0.0002674186707,-0.0004519360234,-3.677764245e-05
513.367,2.234019028,-0.3045994778,-32.10049943,3.928201942,0.3597518636,,73.9596027,-0.0002007508832,-0.0003299864746,-2.68849163e-05
513.467,2.234022,-0.3046097222,-32.1005192,3.928184626,0.359723403,,73.95960038,-0.000142903236,-0.0002362056901,-1.924221159e-05
513.567,2.234028506,-0.3046186363,-32.1005327,3.928172474,0.3597030896,,73.95959872,-9.869480501e-05,-0.0001680543535,-1.367447429e-05
513.667,2.234034883,-0.3046255368,-32.10054325,3.928164155,0.3596886684,,73.95959755,-6.687395022e-05,-0.0001189512156,-9.663528847e-06
513.767,2.23403992,-0.3046305524,-32.10055004,3.928158552,0.3596784895,,73.95959672,-4.47083358e-05,-8.360038844e-05,-6.780866642e-06
513.867,2.234043655,-0.304634213,-32.10055502,3.928154824,0.3596713643,,73.95959615,-2.955483665e-05,-5.816694081e-05,-4.709881767e-06
513.967,2.234046533,-0.3046370594,-32.10056018,3.92815237,0.3596664363,,73.95959575,-1.932559671e-05,-3.986785355e-05,-3.223042121e-06
514.067,2.234048376,-0.3046392673,-32.10056263,3.928150776,0.3596630891,,73.95959548,-1.245413684e-05,-2.669730535e-05,-2.156637979e-06
514.167,2.234049745,-0.3046408568,-32.1005654,3.928149755,0.3596608792,,73.9595953,-7.877438576e-06,-1.72307666e-05,-1.388904243e-06
514.267,2.234050622,-0.3046420633,-32.10056624,3.928149118,0.359659488,,73.95959519,-4.819886335e-06,-1.040738729e-05,-8.389587382e-07
514.367,2.234051284,-0.3046431158,-32.10056738,3.928148735,0.3596586859,,73.95959512,-2.812294838e-06,-5.478823364e-06,-4.425665385e-07
514.467,2.234051732,-0.3046440351,-32.1005681,3.92814852,0.3596583085,,73.95959509,-1.465687994e-06,-1.963722613e-06,-1.601024329e-07
514.567,2.234052053,-0.3046447637,-32.10056867,3.928148418,0.3596582364,,73.95959508,-5.590693111e-07,5.833407012e-07,4.375912057e-08
514.667,2.234052302,-0.3046453822,-32.10056937,3.928148391,0.3596583829,,73.9595951,3.650036067e-08,2.407070176e-06,1.908190071e-07
514.767,2.234052618,-0.3046460187,-32.10057043,3.928148414,0.3596586876,,73.95959512,4.1950281e-07,3.723572689e-06,2.947910077e-07
514.867,2.234052722,-0.304646448,-32.10057026,3.928148467,0.3596591048,,73.95959515,6.630977901e-07,4.657794806e-06,3.693478035e-07
514.967,2.234052728,-0.3046470245,-32.10056984,3.928148542,0.3596596047,,73.95959519,8.399096768e-07,5.348355026e-06,4.247255912e-07
515.067,2.234052859,-0.3046474404,-32.10057002,3.928148631,0.3596601628,,73.95959524,9.520555981e-07,5.834029016e-06,4.628690193e-07
515.167,2.234053009,-0.3046478952,-32.10057061,3.92814873,0.3596607632,,73.95959528,1.030859835e-06,6.185766623e-06,4.906370815e-07
515.267,2.234053124,-0.304648312,-32.10057106,3.928148835,0.3596613946,,73.95959533,1.07719267e-06,6.433025742e-06,5.105017608e-07
515.367,2.234053197,-0.3046487335,-32.10057089,3.928148944,0.3596620476,,73.95959539,1.109423367e-06,6.62082623e-06,5.252816306e-07
515.467,2.234053332,-0.3046491623,-32.10057118,3.928149056,0.3596627164,,73.95959544,1.131365528e-06,6.751902791e-06,5.360845079e-07
515.567,2.234053277,-0.304649549,-32.10057055,3.92814917,0.3596633965,,73.95959549,1.153333394e-06,6.861224496e-06,5.453993381e-07
515.667,2.234053327,-0.3046499691,-32.10057029,3.928149285,0.359664085,,73.95959555,1.157329532e-06,6.924290069e-06,5.492057061e-07
515.767,2.23405345,-0.3046503479,-32.10057077,3.928149401,0.3596647796,,73.9595956,1.161568751e-06,6.964454981e-06,5.528169125e-07
515.867,2.234053595,-0.3046507804,-32.10057135,3.928149517,0.3596654782,,73.95959566,1.163474447e-06,6.990876838e-06,5.547941602e-07
515.967,2.234053655,-0.304651131,-32.10057129,3.928149633,0.3596661789,,73.95959571,1.158247706e-06,7.02301739e-06,5.573050117e-07
516.067,2.234053642,-0.3046515892,-32.10057083,3.92814975,0.3596668821,,73.95959577,1.165339344e-06,7.031568663e-06,5.57407242e-07
516.167,2.234053656,-0.304651972,-32.10057006,3.928149866,0.3596675865,,73.95959582,1.174082328e-06,7.049855189e-06,5.592003626e-07
516.267,2.234053739,-0.3046523593,-32.10057028,3.928149983,0.3596682925,,73.95959588,1.162633485e-06,7.062949289e-06,5.601608993e-07
516.367,2.234053892,-0.3046527848,-32.10057106,3.928150099,0.3596689994,,73.95959594,1.166545378e-06,7.055462149e-06,5.60171029e-07
516.467,2.234053975,-0.3046531897,-32.1005708,3.928150216,0.3596697062,,73.95959599,1.169258973e-06,7.071535898e-06,5.60629676e-07
516.567,2.23405397,-0.3046535042,-32.10057085,3.928150333,0.3596704135,,73.95959605,1.175096031e-06,7.090531596e-06,5.626928539e-07
516.667,2.23405402,-0.3046538597,-32.10057046,3.928150449,0.3596711214,,73.9595961,1.165859696e-06,7.094987855e-06,5.629800386e-07
516.767,2.234054073,-0.304654351,-32.10057064,3.928150565,0.3596718296,,73.95959616,1.165650868e-06,7.078751848e-06,5.613394187e-07
516.867,2.234054153,-0.3046547715,-32.1005706,3.928150682,0.3596725374,,73.95959622,1.170440354e-06,7.068796634e-06,5.605248266e-07
516.967,2.234054239,-0.3046551361,-32.10057049,3.928150798,0.3596732453,,73.95959627,1.163364033e-06,7.075335478e-06,5.610300965e-07
517.067,2.234054288,-0.3046555903,-32.10057094,3.928150915,0.3596739536,,73.95959633,1.161506562e-06,7.073112441e-06,5.607968212e-07
517.167,2.234054418,-0.3046559118,-32.10057046,3.928151031,0.3596746613,,73.95959638,1.165006271e-06,7.069788922e-06,5.611878308e-07
517.267,2.234054449,-0.3046563148,-32.10057092,3.928151148,0.3596753689,,73.95959644,1.166408567e-06,7.078980198e-06,5.61801102e-07
517.367,2.234054574,-0.3046566684,-32.10057098,3.928151264,0.3596760768,,73.9595965,1.16610618e-06,7.077083026e-06,5.619529626e-07
517.467,2.234054559,-0.3046571791,-32.10057048,3.92815138,0.3596767851,,73.95959655,1.158019971e-06,7.075507676e-06,5.612632939e-07
517.567,2.234054602,-0.304657534,-32.10057027,3.928151496,0.3596774925,,73.95959661,1.167820391e-06,7.072410883e-06,5.608866132e-07
517.667,2.234054663,-0.3046579175,-32.1005706,3.928151613,0.3596782002,,73.95959666,1.166190142e-06,7.0800114e-06,5.614299056e-07
517.767,2.234054732,-0.3046583801,-32.10057035,3.928151729,0.3596789082,,73.95959672,1.164718e-06,7.08479203e-06,5.624073274e-07
517.867,2.234054861,-0.3046586441,-32.10057053,3.928151845,0.3596796158,,73.95959678,1.160518007e-06,7.079932175e-06,5.617022505e-07
517.967,2.234054886,-0.3046590571,-32.10057031,3.928151961,0.3596803229,,73.95959683,1.161014928e-06,7.071340777e-06,5.613376376e-07
518.067,2.234055006,-0.3046594148,-32.10057064,3.928152077,0.3596810303,,73.95959689,1.160391493e-06,7.067644324e-06,5.613372876e-07
518.167,2.234054983,-0.3046599406,-32.10057024,3.928152193,0.3596817384,,73.95959694,1.157756207e-06,7.067747308e-06,5.606549525e-07
518.267,2.234055075,-0.3046603773,-32.10057063,3.928152309,0.3596824453,,73.959597,1.163019501e-06,7.052155257e-06,5.605149595e-07
518.367,2.234055128,-0.3046607186,-32.10057036,3.928152425,0.3596831521,,73.95959706,1.16257314e-06,7.077041257e-06,5.623364025e-07
518.467,2.234055194,-0.3046611391,-32.1005703,3.928152541,0.3596838594,,73.95959711,1.160930312e-06,7.068781244e-06,5.607017321e-07
518.567,2.234055312,-0.3046615023,-32.10057087,3.928152657,0.3596845664,,73.95959717,1.164656689e-06,7.065975587e-06,5.604226648e-07
518.667,2.234055358,-0.3046618618,-32.10057078,3.928152773,0.3596852731,,73.95959722,1.166441879e-06,7.065534663e-06,5.607776784e-07
518.767,2.23405546,-0.3046622509,-32.10057033,3.928152889,0.3596859799,,73.95959728,1.160036538e-06,7.080728057e-06,5.617042174e-07
518.867,2.234055421,-0.3046626895,-32.10057029,3.928153005,0.359686687,,73.95959733,1.160884135e-06,7.069025749e-06,5.605067485e-07
518.967,2.23405555,-0.3046630529,-32.10057063,3.928153121,0.359687393,,73.95959739,1.162807504e-06,7.062167523e-06,5.609327859e-07
519.067,2.234055594,-0.3046634975,-32.10057086,3.928153237,0.3596880995,,73.95959745,1.16095807e-06,7.057361294e-06,5.609176958e-07
519.167,2.234055609,-0.3046638719,-32.10056975,3.928153353,0.3596888064,,73.9595975,1.15831469e-06,7.066148408e-06,5.616757974e-07
519.267,2.234055816,-0.3046642504,-32.10057107,3.928153468,0.359689513,,73.95959756,1.158463581e-06,7.061577166e-06,5.603240873e-07
519.367,2.234055796,-0.3046645952,-32.10057018,3.928153584,0.3596902192,,73.95959761,1.158309477e-06,7.061111767e-06,5.603849927e-07
519.467,2.234055904,-0.3046650553,-32.10057047,3.9281537,0.3596909261,,73.95959767,1.15776114e-06,7.061749327e-06,5.606530272e-07
519.567,2.234055912,-0.3046655273,-32.10057055,3.928153816,0.3596916327,,73.95959773,1.157964324e-06,7.059073689e-06,5.598437726e-07
519.667,2.234055951,-0.3046658423,-32.10057043,3.928153932,0.3596923386,,73.95959778,1.164412875e-06,7.073263578e-06,5.622202361e-07
519.767,2.234056065,-0.3046662184,-32.10057087,3.928154047,0.3596930445,,73.95959784,1.158206874e-06,7.069803927e-06,5.614638296e-07
519.867,2.234056142,-0.304666604,-32.10057051,3.928154163,0.3596937506,,73.95959789,1.161392459e-06,7.051672515e-06,5.596847024e-07
519.967,2.234056279,-0.3046670071,-32.10057106,3.928154279,0.3596944562,,73.95959795,1.158759202e-06,7.054652858e-06,5.596095719e-07
520.067,2.234056235,-0.3046673783,-32.10057037,3.928154395,0.3596951619,,73.95959801,1.162008615e-06,7.061389272e-06,5.603939682e-07
520.167,2.234056331,-0.304667833,-32.10057086,3.92815451,0.3596958678,,73.95959806,1.156452149e-06,7.050568712e-06,5.600291665e-07
520.267,2.234056327,-0.3046682484,-32.10056989,3.928154627,0.3596965733,,73.95959812,1.158844042e-06,7.042078929e-06,5.584836309e-07
520.367,2.234056473,-0.304668669,-32.10057035,3.928154742,0.3596972791,,73.95959817,1.159062288e-06,7.057442074e-06,5.606229209e-07
520.467,2.23405647,-0.3046690435,-32.1005698,3.928154858,0.3596979849,,73.95959823,1.15536792e-06,7.055368425e-06,5.594625677e-07
520.567,2.234056614,-0.3046694134,-32.10057066,3.928154973,0.3596986902,,73.95959828,1.158956041e-06,7.051777269e-06,5.592020859e-07
520.667,2.23405667,-0.3046698006,-32.1005707,3.928155089,0.3596993957,,73.95959834,1.16326357e-06,7.054432587e-06,5.597533177e-07
520.767,2.234056691,-0.3046701382,-32.10057087,3.928155205,0.3597001012,,73.9595984,1.162060432e-06,7.06924635e-06,5.608907322e-07
520.867,2.234056789,-0.3046705341,-32.10057042,3.928155321,0.3597008059,,73.95959845,1.157599085e-06,7.04724237e-06,5.590394169e-07
520.967,2.234056852,-0.3046710059,-32.10057028,3.928155437,0.3597015113,,73.95959851,1.155012579e-06,7.048006143e-06,5.60132562e-07
521.067,2.234056894,-0.3046713291,-32.10057061,3.928155552,0.3597022166,,73.95959856,1.160968694e-06,7.056881264e-06,5.598595598e-07
521.167,2.234056964,-0.3046717333,-32.1005701,3.928155668,0.3597029214,,73.95959862,1.158412126e-06,7.041241791e-06,5.589293914e-07
521.267,2.234057083,-0.3046721372,-32.10057082,3.928155783,0.3597036263,,73.95959867,1.154023607e-06,7.040735068e-06,5.586003827e-07
521.4,2.234057123,-0.3046727172,-32.10057037,3.928155937,0.3597045665,,73.95959875,1.152611398e-06,7.042480559e-06,5.585886239e-07
521.5,2.234057217,-0.3046731245,-32.10057075,3.928156053,0.3597052708,,73.9595988,1.163126176e-06,7.039797678e-06,5.58045889e-07
521.6,2.234057269,-0.3046735081,-32.10057043,3.928156169,0.3597059754,,73.95959886,1.151579676e-06,7.043011983e-06,5.5946181e-07
521.7,2.234057318,-0.3046738518,-32.10057025,3.928156284,0.3597066807,,73.95959892,1.151809429e-06,7.036384229e-06,5.588725792e-07
521.8,2.234057406,-0.3046742608,-32.10057036,3.928156399,0.3597073849,,73.95959897,1.161076422e-06,7.041633094e-06,5.588275449e-07
521.9,2.23405751,-0.3046746773,-32.10057086,3.928156515,0.3597080891,,73.95959903,1.155597842e-06,7.0466065e-06,5.586220845e-07
522,2.234057412,-0.3046751041,-32.10056983,3.92815663,0.359708794,,73.95959908,1.15732551e-06,7.041841218e-06,5.584249392e-07
522.1,2.234057545,-0.3046754357,-32.10056976,3.928156746,0.3597094977,,73.95959914,1.1568453e-06,7.052226302e-06,5.590852669e-07
522.2,2.234057623,-0.304675799,-32.1005703,3.928156861,0.3597102019,,73.9595992,1.155910451e-06,7.041063997e-06,5.586709715e-07
522.3,2.234057732,-0.3046762765,-32.10057064,3.928156977,0.3597109068,,73.95959925,1.153881581e-06,7.037636371e-06,5.582643349e-07
522.4,2.234057787,-0.3046765708,-32.1005702,3.928157092,0.3597116101,,73.95959931,1.156618615e-06,7.039299636e-06,5.585139866e-07
522.5,2.234057824,-0.3046770169,-32.10057039,3.928157208,0.3597123142,,73.95959936,1.152876446e-06,7.028544207e-06,5.578006253e-07
522.6,2.234057883,-0.3046775143,-32.10056991,3.928157323,0.3597130184,,73.95959942,1.1618484e-06,7.036863341e-06,5.584310622e-07
522.7,2.234057937,-0.3046777886,-32.10056998,3.928157439,0.3597137216,,73.95959947,1.154579782e-06,7.027875589e-06,5.576973047e-07
522.8,2.234058,-0.3046782897,-32.10056994,3.928157554,0.3597144258,,73.95959953,1.149550671e-06,7.031526217e-06,5.573863161e-07
522.9,2.234058135,-0.3046786159,-32.10057014,3.928157669,0.3597151295,,73.95959958,1.155146988e-06,7.044676313e-06,5.586802872e-07
523,2.234058211,-0.3046789782,-32.10057058,3.928157785,0.3597158327,,73.95959964,1.15866074e-06,7.030428988e-06,5.578438425e-07
523.1,2.234058209,-0.30467938,-32.10057017,3.9281579,0.3597165364,,73.9595997,1.15408243e-06,7.041338633e-06,5.589439957e-07
523.2,2.234058225,-0.3046797586,-32.10056962,3.928158015,0.3597172392,,73.95959975,1.15887392e-06,7.033152092e-06,5.576055245e-07
523.3,2.234058322,-0.3046802194,-32.1005698,3.928158131,0.3597179427,,73.95959981,1.151388168e-06,7.024653624e-06,5.569644665e-07
523.4,2.234058335,-0.3046805728,-32.10056971,3.928158246,0.359718646,,73.95959986,1.152602019e-06,7.041415289e-06,5.582554828e-07
523.5,2.23405849,-0.3046809231,-32.10057028,3.928158361,0.3597193492,,73.95959992,1.14918962e-06,7.02415319e-06,5.573481262e-07
523.6,2.234080858,-0.3046552403,-32.10055425,3.928157508,0.3597225099,,73.95960016,-2.687637255e-05,6.707938212e-05,5.111103717e-06
523.7,2.234056521,-0.3046986383,-32.10056316,3.928154186,0.3597293015,,73.95960068,-3.646089437e-05,6.321886728e-05,4.759776529e-06
523.8,2.23404764,-0.3047018994,-32.10056594,3.928150692,0.3597349546,,73.9596011,-3.192492576e-05,4.883562954e-05,3.661076672e-06
523.9,2.234045303,-0.3047012549,-32.10056697,3.928147848,0.3597392771,,73.95960142,-2.421763898e-05,3.722828162e-05,2.791572009e-06
524,2.234045321,-0.3047006368,-32.10056788,3.928145763,0.3597425879,,73.95960167,-1.709877331e-05,2.873971779e-05,2.163837554e-06
524.1,2.234046083,-0.3047001697,-32.10056898,3.928144322,0.3597451655,,73.95960187,-1.152605135e-05,2.263207132e-05,1.714255948e-06
524.2,2.234046834,-0.3047001228,-32.10056964,3.928143366,0.359747216,,73.95960202,-7.482003142e-06,1.823280433e-05,1.390176387e-06
524.3,2.23404743,-0.3047000386,-32.10056916,3.928142756,0.3597488857,,73.95960215,-4.650918614e-06,1.50754795e-05,1.157239932e-06
524.4,2.23404795,-0.3047000795,-32.10056998,3.928142385,0.3597502844,,73.95960226,-2.713420499e-06,1.282829162e-05,9.918764809e-07
524.5,2.234048381,-0.3047002078,-32.10056979,3.928142177,0.3597514878,,73.95960235,-1.413476385e-06,1.118954852e-05,8.707846298e-07
524.6,2.234048657,-0.3047004665,-32.1005699,3.928142079,0.3597525502,,73.95960243,-5.448017426e-07,1.00093273e-05,7.823111483e-07
524.7,2.234048886,-0.3047007799,-32.10057011,3.928142053,0.3597535105,,73.95960251,4.013591884e-08,9.172080541e-06,7.197392479e-07
524.8,2.23404906,-0.3047012016,-32.10057026,3.928142076,0.3597543987,,73.95960258,4.220405248e-07,8.570549863e-06,6.738821428e-07
524.875,2.234049164,-0.304701364,-32.10057081,3.928142109,0.3597549609,,73.95960262,5.949862797e-07,8.262552585e-06,6.51803524e-07
524.975,2.234049258,-0.3047016607,-32.10057032,3.928142184,0.3597558393,,73.95960269,8.036932338e-07,7.88878812e-06,6.238709604e-07
525.075,2.234049355,-0.3047020797,-32.10057019,3.92814227,0.3597566161,,73.95960275,9.180531248e-07,7.633910168e-06,6.033744416e-07
525.175,2.234049448,-0.3047023489,-32.10057048,3.928142366,0.3597573708,,73.95960281,9.999869999e-07,7.455709096e-06,5.905185746e-07
525.275,2.234049475,-0.30470279,-32.10057033,3.928142468,0.3597581114,,73.95960287,1.052752761e-06,7.338372815e-06,5.811082485e-07
525.375,2.234049524,-0.3047032006,-32.10057025,3.928142575,0.3597588411,,73.95960293,1.080774237e-06,7.243676014e-06,5.738790375e-07
525.475,2.234049668,-0.3047035246,-32.10057032,3.928142684,0.3597595625,,73.95960299,1.1077784e-06,7.183085519e-06,5.696367732e-07
525.575,2.234049766,-0.3047039433,-32.10057089,3.928142796,0.3597602781,,73.95960304,1.128886666e-06,7.127234785e-06,5.657028115e-07
525.675,2.23404978,-0.3047043855,-32.10057017,3.928142909,0.3597609898,,73.9596031,1.141839541e-06,7.108697368e-06,5.632252042e-07
525.775,2.234049753,-0.3047047276,-32.10057013,3.928143022,0.3597616983,,73.95960315,1.147144823e-06,7.079440159e-06,5.612482819e-07
525.875,2.23404996,-0.3047050918,-32.10057051,3.928143137,0.3597624046,,73.95960321,1.142006846e-06,7.063001622e-06,5.598815402e-07
525.975,2.234050017,-0.3047054888,-32.10057024,3.928143251,0.3597631099,,73.95960327,1.144928439e-06,7.031867789e-06,5.580889523e-07
526.075,2.234050076,-0.3047058495,-32.10057057,3.928143366,0.3597638137,,73.95960332,1.147773554e-06,7.040791418e-06,5.5862245e-07
526.175,2.234050183,-0.3047062339,-32.10057076,3.92814348,0.3597645169,,73.95960338,1.142321212e-06,7.028858959e-06,5.575840448e-07
526.275,2.23405017,-0.3047067895,-32.10057055,3.928143595,0.3597652198,,73.95960343,1.1581829e-06,7.016288447e-06,5.565559676e-07
526.375,2.234050254,-0.3047070995,-32.10057047,3.92814371,0.3597659214,,73.95960349,1.147897142e-06,7.013327797e-06,5.575786177e-07
526.475,2.234050345,-0.3047074852,-32.10057018,3.928143825,0.3597666235,,73.95960354,1.147989661e-06,7.006066409e-06,5.558258418e-07
526.575,2.234050421,-0.3047078144,-32.10057017,3.928143939,0.359767324,,73.9596036,1.150440797e-06,7.01227658e-06,5.565030722e-07
526.675,2.234050444,-0.3047082739,-32.10057046,3.928144054,0.3597680259,,73.95960366,1.153519359e-06,7.025976301e-06,5.571836063e-07
526.775,2.234050508,-0.3047086482,-32.10057057,3.928144169,0.3597687262,,73.95960371,1.156630116e-06,7.007707525e-06,5.555322989e-07
526.875,2.23405057,-0.3047090182,-32.1005705,3.928144284,0.3597694272,,73.95960377,1.154143205e-06,7.020346148e-06,5.576372119e-07
526.975,2.234050648,-0.3047093534,-32.10057092,3.928144399,0.3597701277,,73.95960382,1.147513008e-06,6.996762908e-06,5.555881214e-07
527.075,2.234050699,-0.3047098009,-32.10057086,3.928144514,0.3597708281,,73.95960388,1.146888531e-06,7.005139749e-06,5.558034039e-07
527.175,2.23405076,-0.3047101768,-32.1005702,3.928144628,0.3597715288,,73.95960393,1.143813704e-06,6.997704208e-06,5.55425971e-07
527.275,2.234050978,-0.3047085102,-32.10057016,3.928144743,0.359772229,,73.95960399,1.141939619e-06,7.20425999e-06,5.723743797e-07
527.375,2.234968531,-0.3048559077,-32.10052287,3.928128839,0.3597702728,,73.95960375,-0.0005410349216,-8.183711052e-05,-9.21839925e-06
527.475,2.235771742,-0.3050369823,-32.10048251,3.928008921,0.3597515675,,73.95960167,-0.00212902363,-0.0003646291234,-3.960015521e-05
527.575,2.236341902,-0.3049932585,-32.10044176,3.927686035,0.3596992141,,73.95959589,-0.00464364777,-0.0007115549444,-7.981021336e-05
527.675,2.23625052,-0.3049422531,-32.1004382,3.927089782,0.3596119754,,73.95958597,-0.007569728885,-0.001060931905,-0.0001223350991
527.775,2.235581318,-0.3049097317,-32.10063785,3.926196001,0.3594902807,,73.9595718,-0.01053955647,-0.001398788219,-0.00016417124
527.875,2.234700405,-0.3048198874,-32.10083537,3.925011903,0.3593351512,,73.95955351,-0.01333104252,-0.001726237487,-0.0002042486081
527.975,2.233719255,-0.3045242795,-32.10063409,3.923562382,0.3591475992,,73.95953132,-0.01581522705,-0.002010743141,-0.0002393564821
528.075,2.232452447,-0.3043170799,-32.10087224,3.921882974,0.358932444,,73.95950578,-0.01787803045,-0.0022896898,-0.0002718140465
528.175,2.2309772,-0.3042990859,-32.10047959,3.920015866,0.3586924775,,73.95947733,-0.01952336466,-0.002524587231,-0.0002986323218
528.275,2.229474696,-0.3041392856,-32.1009542,3.918002092,0.3584326238,,73.95944658,-0.02078906018,-0.002692428027,-0.0003182248223
528.375,2.227837877,-0.303923974,-32.10123401,3.915880024,0.3581568357,,73.95941403,-0.02165220117,-0.002824352683,-0.0003329024171
528.475,2.226310917,-0.3037633842,-32.10133552,3.913688013,0.3578717077,,73.95938039,-0.02217075562,-0.002898816854,-0.0003412977031
528.575,2.224905151,-0.3035524232,-32.10124698,3.911458195,0.3575803407,,73.95934609,-0.0223963994,-0.002950077301,-0.000346359017
528.675,2.223426783,-0.3033641591,-32.10137968,3.909218992,0.3572856122,,73.95931148,-0.0223515387,-0.002960324712,-0.0003468105444
528.775,2.221987917,-0.3031418576,-32.10142054,3.906994008,0.3569897156,,73.95927687,-0.02209214321,-0.002947980456,-0.0003443881118
528.875,2.220595232,-0.3029595129,-32.10145268,3.904804055,0.3566972872,,73.95924272,-0.02164191056,-0.002896077773,-0.0003378960147
528.975,2.219280306,-0.30277788,-32.10160788,3.902666009,0.3564103876,,73.95920929,-0.02104731735,-0.002831999237,-0.0003297145775
529.075,2.218024003,-0.3026141275,-32.10170265,3.900593359,0.3561314994,,73.95917682,-0.02033241966,-0.002745288933,-0.0003191549122
529.175,2.216804166,-0.3024379948,-32.10162367,3.898596257,0.3558615591,,73.95914545,-0.01952804301,-0.002640821943,-0.0003067596699
529.275,2.215700923,-0.3022927707,-32.10185606,3.896682577,0.3556019681,,73.95911534,-0.01866451018,-0.002538995367,-0.0002942729762
529.375,2.214673897,-0.3020682584,-32.10189721,3.894857256,0.3553540428,,73.95908659,-0.01777322651,-0.002376347311,-0.0002769309632
529.475,2.213614237,-0.3021091749,-32.10190502,3.893123091,0.3551212789,,73.95905951,-0.01682904986,-0.002281496805,-0.0002645858321
529.575,2.212793867,-0.3017254073,-32.10237716,3.891484036,0.354896755,,73.95903356,-0.01587910884,-0.002173050612,-0.0002511703843
529.675,2.211859293,-0.3018179769,-32.10221002,3.88993911,0.3546856379,,73.95900915,-0.01494197848,-0.002043400053,-0.0002361831915
529.775,2.211084246,-0.3015465132,-32.10213544,3.88848825,0.3544856686,,73.9589861,-0.01401107923,-0.001910225905,-0.0002209680203
529.875,2.210304552,-0.3015608905,-32.10223601,3.887129354,0.3542986025,,73.95896453,-0.01309279193,-0.001818824765,-0.0002090633422
529.975,2.209611695,-0.3015480264,-32.10233181,3.885859749,0.3541249457,,73.95894447,-0.01222811868,-0.001669959019,-0.0001929879769
530.075,2.208948254,-0.3012803244,-32.1024073,3.884676919,0.3539615829,,73.95892566,-0.01135448391,-0.001554624577,-0.0001794788797
530.175,2.208405654,-0.3012919725,-32.10237136,3.883578903,0.3538086838,,73.95890811,-0.0105441584,-0.001479476166,-0.0001694170233
530.275,2.207945108,-0.3010437599,-32.10271911,3.882560176,0.3536656667,,73.95889174,-0.009777531068,-0.001356694985,-0.000155898625
530.375,2.207360667,-0.3011610553,-32.10244082,3.881615704,0.3535353917,,73.95887674,-0.00904622528,-0.00126642733,-0.0001450833794
530.475,2.206900697,-0.3010958637,-32.10242339,3.880743273,0.3534133167,,73.95886275,-0.008351649435,-0.001169946671,-0.0001339848386
530.575,2.206497131,-0.3010196262,-32.10250693,3.879938534,0.3533002628,,73.95884982,-0.007696228237,-0.001082417695,-0.0001237867698
530.675,2.206105822,-0.3009962308,-32.10251186,3.879196866,0.3531980679,,73.95883806,-0.007088617356,-0.0009905862886,-0.0001135072514
530.775,2.205669094,-0.3009233699,-32.10278124,3.878514773,0.3531021605,,73.95882709,-0.006502276601,-0.0009189362693,-0.0001049036171
530.875,2.205498895,-0.3008063938,-32.10261164,3.87788907,0.3530149209,,73.95881709,-0.005994499418,-0.0007913837669,-9.238477364e-05
530.975,2.20512947,-0.3009567754,-32.10264427,3.877311396,0.3529398815,,73.95880828,-0.005509756704,-0.0007424366252,-8.607065616e-05
531.075,2.204875715,-0.3008075071,-32.10262368,3.876783304,0.3528657563,,73.9587998,-0.005021765579,-0.0007214227736,-8.190628977e-05
531.175,2.204644613,-0.3007605016,-32.10263966,3.876301454,0.3527964009,,73.95879193,-0.004586169065,-0.0006597157202,-7.48634843e-05
531.275,2.204498632,-0.3005846564,-32.10297174,3.875860568,0.3527347671,,73.95878487,-0.00419897363,-0.0005816297191,-6.680575116e-05
531.375,2.204202065,-0.3008186759,-32.10271058,3.875456174,0.3526821584,,73.9587787,-0.00384908028,-0.0005164413784,-5.994103351e-05
531.475,2.204031648,-0.300688707,-32.10268496,3.875088283,0.3526300551,,73.95877276,-0.003487700503,-0.0005090151036,-5.748766384e-05
531.575,2.2038768,-0.3006533519,-32.10269357,3.874754323,0.3525812265,,73.95876725,-0.003171066373,-0.0004628585906,-5.227018467e-05
531.675,2.203730639,-0.3006317359,-32.10270381,3.874450523,0.3525370552,,73.95876226,-0.002885648923,-0.0004174587964,-4.727394537e-05
531.775,2.20359574,-0.300613308,-32.10271291,3.874174088,0.3524972275,,73.95875774,-0.002625132698,-0.0003764047341,-4.27437983e-05
531.875,2.203416677,-0.3004841677,-32.10261448,3.873922815,0.3524617137,,73.95875369,-0.002372666931,-0.0003003944483,-3.555347768e-05
531.975,2.203366963,-0.3005907776,-32.10272728,3.873695133,0.3524304768,,73.95875009,-0.002164695552,-0.0003076757357,-3.503452702e-05
532.075,2.203290079,-0.3005205768,-32.10271339,3.873487268,0.3524024712,,73.95874685,-0.001990676875,-0.0002245895624,-2.770401672e-05
532.175,2.203169758,-0.300569986,-32.10273476,3.873295852,0.3523818616,,73.95874426,-0.001821285295,-0.0001933258453,-2.44073715e-05
532.275,2.203059081,-0.3005746919,-32.10275553,3.873123106,0.3523595935,,73.95874164,-0.001617817376,-0.0002445125691,-2.73093946e-05
532.375,2.203002737,-0.3005346863,-32.10275673,3.872969291,0.3523358546,,73.95873901,-0.001449835884,-0.0002251806878,-2.494196222e-05
532.475,2.202942953,-0.3005232733,-32.10276066,3.872831015,0.3523145375,,73.95873664,-0.001306977799,-0.0001992298355,-2.219281838e-05
532.575,2.202885133,-0.3005154285,-32.10276365,3.872706238,0.3522957115,,73.95873454,-0.001180259271,-0.0001758758835,-1.972842413e-05
532.675,2.202831631,-0.3005085661,-32.10276762,3.872593553,0.3522790814,,73.95873267,-0.001065689956,-0.0001554813479,-1.755610276e-05
532.775,2.202782906,-0.3005024378,-32.10277093,3.872491846,0.3522643696,,73.958731,-0.0009613404484,-0.0001376482385,-1.563504031e-05
532.875,2.202739121,-0.3004969273,-32.10277385,3.872400147,0.3522513412,,73.95872952,-0.0008661374397,-0.0001219460106,-1.392632563e-05
532.975,2.202699854,-0.3004919767,-32.10277668,3.87231758,0.3522397966,,73.95872819,-0.000779296056,-0.0001080633877,-1.240180621e-05
533.075,2.202664699,-0.3004875699,-32.10277872,3.872243337,0.3522295686,,73.95872702,-0.0007001818219,-9.572180796e-05,-1.10366147e-05
533.175,2.202633266,-0.3004835071,-32.10278107,3.872176676,0.3522205133,,73.95872597,-0.0006281756847,-8.468186836e-05,-9.810909983e-06
533.275,2.202605259,-0.3004800657,-32.10278277,3.872116908,0.3522125051,,73.95872504,-0.0005627563198,-7.483735205e-05,-8.709803983e-06
533.375,2.202580298,-0.3004768306,-32.10278388,3.872063402,0.3522054348,,73.95872422,-0.0005033829606,-6.599477149e-05,-7.717577134e-06
533.475,2.202558195,-0.3004742017,-32.10278628,3.872015575,0.3521992063,,73.95872349,-0.0004495580181,-5.80765087e-05,-6.825700323e-06
533.575,2.202538481,-0.3004717907,-32.10278805,3.871972893,0.3521937323,,73.95872284,-0.0004007940366,-5.094895195e-05,-6.021257212e-06
533.675,2.202521073,-0.3004696971,-32.1027891,3.871934871,0.3521889372,,73.95872227,-0.0003566926111,-4.453421611e-05,-5.296162371e-06
533.775,2.202505619,-0.3004677705,-32.10278981,3.871901063,0.3521847532,,73.95872178,-0.0003168111953,-3.877258101e-05,-4.643483495e-06
533.875,2.20249199,-0.3004662419,-32.10279065,3.871871063,0.3521811191,,73.95872134,-0.0002807952339,-3.357273003e-05,-4.054337042e-06
533.975,2.202479997,-0.3004649544,-32.10279098,3.8718445,0.3521779803,,73.95872096,-0.0002482963692,-2.890518425e-05,-3.524650761e-06
534.075,2.202469576,-0.3004637746,-32.10279209,3.871821037,0.3521752856,,73.95872062,-0.0002190053362,-2.470303783e-05,-3.049600849e-06
534.175,2.202460476,-0.3004629823,-32.10279337,3.871800369,0.3521729916,,73.95872034,-0.0001926145478,-2.09334725e-05,-2.620880626e-06
534.275,2.20245245,-0.3004622724,-32.10279403,3.871782217,0.3521710577,,73.95872009,-0.0001688627945,-1.75398444e-05,-2.234963462e-06
534.375,2.196282122,-0.2990684722,-32.10302457,3.871801643,0.3521789441,,73.95872081,0.002187659102,0.0005679097545,5.526889287e-05
534.475,2.193033773,-0.2991081141,-32.10342328,3.872444233,0.3523165126,,73.95873478,0.01199063242,0.002278947757,0.0002384679484
534.575,2.195327112,-0.2997432948,-32.10310486,3.874117112,0.3526079248,,73.958766,0.02199594372,0.003575111003,0.0003907265577
534.675,2.199269397,-0.3003637867,-32.10291235,3.876685341,0.3530072952,,73.95881023,0.02953222214,0.004405605222,0.0004942766351
534.775,2.203409275,-0.3009458721,-32.10306378,3.879881221,0.3534720329,,73.9588628,0.03437892223,0.004888598153,0.0005570834274
534.875,2.207095015,-0.3013833869,-32.1021138,3.883455021,0.35397249,,73.95892013,0.03700437649,0.005113074951,0.0005884120966
534.975,2.210563614,-0.3015751745,-32.10257563,3.88721394,0.3544867638,,73.95897952,0.03803676195,0.00517348762,0.0005988042779
535.075,2.21352552,-0.301961504,-32.10243987,3.891022466,0.3550022221,,73.9590393,0.03798234688,0.005127817842,0.0005953174016
535.175,2.216042463,-0.3025032745,-32.10165473,3.894791381,0.3555086019,,73.95909819,0.03723778293,0.005002449713,0.000582031428
535.275,2.218505176,-0.3026013535,-32.10202554,3.898464735,0.3559999864,,73.95915546,0.03607588485,0.004823193307,0.0005623911296
535.375,2.220653156,-0.3028761752,-32.10185002,3.902010094,0.3564719765,,73.95921059,0.03468287779,0.004617297518,0.0005394306787
535.475,2.222506131,-0.3034089254,-32.10114507,3.905409312,0.3569250372,,73.9592635,0.03316663163,0.004416791808,0.0005162025516
535.575,2.224448502,-0.3033920412,-32.1015819,3.90865678,0.3573536807,,73.95931376,0.03164851785,0.004165542591,0.0004889967019
535.675,2.226090285,-0.3038433301,-32.10134622,3.911751325,0.3577616735,,73.95936164,0.03013485507,0.003938756198,0.0004636617738
535.775,2.227665979,-0.3040248489,-32.1009912,3.914698798,0.3581440983,,73.95940678,0.02869926558,0.003683280487,0.0004364687598
535.875,2.229195625,-0.3041954767,-32.10094816,3.91750514,0.3585021485,,73.9594493,0.02732730877,0.003456402197,0.0004118068019
535.975,2.232966139,-0.3047464487,-32.10076543,3.920164298,0.3588352136,,73.95948912,0.0251783219,0.003100962964,0.0003730401348
536.075,2.235843777,-0.3051008191,-32.10023779,3.922459664,0.3591077706,,73.95952234,0.0200634759,0.002312872588,0.000284978942
536.175,2.236326506,-0.3050314997,-32.09987575,3.924217115,0.3593074483,,73.95954708,0.01475385034,0.001664617221,0.0002067828015
536.275,2.236053264,-0.3047806867,-32.10036354,3.925483348,0.3594497431,,73.95956479,0.01040195832,0.001208931423,0.0001485806431
536.375,2.235538042,-0.3048964149,-32.10053217,3.926366609,0.3595541221,,73.95957754,0.007162112551,0.000856027142,0.00010416777
536.475,2.235119018,-0.3048138564,-32.10047093,3.926970475,0.3596271819,,73.95958639,0.004858275754,0.0006033567532,7.244304628e-05
536.575,2.234848783,-0.3047887685,-32.10052274,3.927376143,0.3596793019,,73.95959258,0.003229479283,0.0004344519675,5.077169143e-05
536.675,2.234590765,-0.3047728603,-32.10053788,3.927645671,0.3597169017,,73.95959692,0.002143226287,0.0003141536069,3.571985202e-05
536.775,2.234463409,-0.3047600081,-32.10046772,3.927826624,0.3597441163,,73.95959999,0.001451743354,0.000228040228,2.538936024e-05
536.875,2.234339199,-0.3047280431,-32.10054031,3.927945568,0.359766353,,73.95960235,0.0009143122194,0.0002258205172,2.242496527e-05
536.975,2.234194198,-0.3047653557,-32.10055185,3.928023721,0.3597868357,,73.95960436,0.0006441951912,0.0001773171306,1.72289453e-05
537.075,2.234211129,-0.3047646529,-32.10055391,3.928076028,0.359802359,,73.95960584,0.0003848529458,0.0001309231909,1.225075222e-05
537.175,2.234082209,-0.3048687451,-32.10045442,3.928106671,0.35981338,,73.95960687,0.000241533628,5.770990933e-05,5.770079672e-06
537.275,2.234129431,-0.304671303,-32.1005406,3.928127487,0.3598167978,,73.95960724,0.0001580812424,5.612426e-05,5.212337679e-06
537.375,2.234033543,-0.3048709816,-32.10033107,3.928139869,0.3598226594,,73.95960776,9.792990096e-05,3.833108577e-05,3.508660835e-06
537.475,2.234030836,-0.3048643311,-32.10037758,3.928147803,0.3598264997,,73.95960811,6.387786905e-05,2.736556678e-05,2.471825476e-06
537.575,2.234070129,-0.3047118143,-32.10045127,3.928153156,0.3598290274,,73.95960833,3.919215944e-05,3.36216831e-05,2.833880795e-06
537.675,2.234118818,-0.3046603948,-32.1008728,3.928156707,0.3598310852,,73.95960851,2.842170022e-05,1.78452127e-05,1.546674415e-06
537.775,2.234020955,-0.304858551,-32.1003761,3.928159138,0.3598327322,,73.95960865,2.026092532e-05,1.203907108e-05,1.045259779e-06
537.875,2.234107208,-0.304658053,-32.10081157,3.928160869,0.3598339002,,73.95960875,1.515659281e-05,7.859741478e-06,6.954188251e-07
537.975,2.234019558,-0.3048571976,-32.10037491,3.928162124,0.3598349418,,73.95960884,1.023143673e-05,8.747565716e-06,7.354563213e-07
538.075,2.234037949,-0.3048228697,-32.10056125,3.928163093,0.3598356715,,73.9596089,1.14085905e-05,-4.351228486e-06,-2.792346035e-07
538.175,2.234106765,-0.3046511088,-32.10080052,3.928163846,0.3598362726,,73.95960895,7.491727612e-06,3.806777333e-06,3.381751713e-07
538.275,2.234077341,-0.3046841169,-32.10053762,3.928164434,0.3598368866,,73.95960901,3.068089569e-06,1.455868006e-05,1.154839598e-06
538.375,2.234018078,-0.3048496822,-32.10035056,3.928164895,0.3598375801,,73.95960906,4.466073906e-06,4.909098513e-06,4.064789638e-07
538.475,2.234038406,-0.3048231378,-32.10056053,3.928165288,0.3598381856,,73.95960911,5.904930554e-06,-4.011378395e-06,-2.811820175e-07
538.575,2.234045982,-0.3048128899,-32.10059983,3.92816564,0.3598386729,,73.95960915,6.760294842e-06,-6.609295505e-06,-4.812847904e-07
538.675,2.234046779,-0.3048124469,-32.10059958,3.928166008,0.3598391099,,73.95960919,6.459987767e-06,-6.088212772e-06,-4.420431359e-07
538.775,2.234047058,-0.3048128161,-32.10059972,3.928166332,0.3598396071,,73.95960923,5.917265392e-06,-5.491932276e-06,-3.981642569e-07
538.875,2.234047042,-0.3048132423,-32.1005991,3.928166601,0.3598401574,,73.95960927,5.415973507e-06,-5.026944847e-06,-3.643514415e-07
538.983,2.234360174,-0.3046838061,-32.10074113,3.928166345,0.3598401968,,73.95960927,-5.912770152e-05,-7.684417878e-06,-9.062613839e-07
539.092,2.235621179,-0.3050802079,-32.10049573,3.928065003,0.3598257084,,73.95960761,-0.001777083763,-0.0002623693068,-2.976209543e-05
539.192,2.236265649,-0.3050355154,-32.10044339,3.927787355,0.3597834415,,73.95960286,-0.004103745971,-0.0006092883446,-6.900232415e-05
539.292,2.23622037,-0.3048903051,-32.10009632,3.927249845,0.3597056603,,73.95959399,-0.006935644273,-0.0009904710599,-0.000113527748
539.392,2.235746316,-0.305028921,-32.1004938,3.926423252,0.3595928558,,73.95958087,-0.009837191869,-0.001335486335,-0.0001555749218
539.492,2.234904072,-0.3048237485,-32.10074662,3.925310008,0.3594458022,,73.95956358,-0.01262541099,-0.001634014388,-0.0001933789183
539.592,2.233993581,-0.3045413664,-32.10099907,3.923930133,0.3592683242,,73.95954254,-0.01513110071,-0.001921892405,-0.0002288687057
539.733,2.232651472,-0.30456936,-32.10070619,3.922316465,0.3590635012,,73.95951814,-0.01725439654,-0.002206272142,-0.0002620668323
539.8,2.231156765,-0.3044067596,-32.10056447,3.920351459,0.3588134967,,73.9594884,-0.01907784917,-0.002445706819,-0.0002901693362
539.9,2.224277299,-0.3031420084,-32.10169995,3.91841226,0.3585684968,,73.95945919,-0.01832139386,-0.002140144701,-0.0002622792014
540,2.219575595,-0.3028238569,-32.10151589,3.916911806,0.3584133532,,73.95943928,-0.01045937774,-0.0008466181403,-0.0001203920968
540.1,2.21983699,-0.3031094547,-32.10154493,3.916274603,0.3583828299,,73.9594336,-0.001692032504,0.0002381724558,9.826404747e-06
540.2,2.221577404,-0.3033679548,-32.10143038,3.916454206,0.3584437481,,73.95943929,0.00557942165,0.001001608565,0.0001071804736
540.3,2.223658439,-0.3037459687,-32.10095682,3.917274295,0.3585714125,,73.95945351,0.01094505518,0.001571242445,0.0001795276878
540.4,2.225754156,-0.3040020483,-32.10115846,3.918552088,0.3587430921,,73.95947356,0.01467732161,0.001907869793,0.0002252296461
540.5,2.22765291,-0.3040921818,-32.1011371,3.920143023,0.3589428633,,73.95949742,0.0171544959,0.002104385783,0.0002535000044
540.6,2.231262746,-0.3047370912,-32.10094087,3.921928963,0.3591597562,,73.95952365,0.01812305421,0.002112157241,0.0002591975947
540.7,2.234647483,-0.304955184,-32.10073561,3.923634924,0.3593488105,,73.95954728,0.01537375019,0.001598192161,0.0002047860039
540.8,2.235542605,-0.3048802601,-32.1005053,3.924998454,0.3594900269,,73.95956541,0.01160160185,0.001214630097,0.0001552399725
540.9,2.235503657,-0.304862958,-32.10051324,3.926001458,0.3595947891,,73.95957881,0.008310270825,0.0008854221277,0.0001124177684
541,2.235288727,-0.3048635413,-32.10032453,3.926709997,0.3596681236,,73.95958823,0.005780082181,0.0005859637745,7.586054267e-05
541.1,2.234966158,-0.3048077782,-32.10051841,3.927197588,0.3597180196,,73.95959466,0.003921620223,0.0004117832322,5.258787538e-05
541.2,2.234689442,-0.3047884096,-32.10053226,3.927526274,0.3597535827,,73.95959915,0.00262661407,0.0002967238319,3.686221407e-05
541.3,2.234401265,-0.3047794916,-32.10062532,3.927746195,0.3597792857,,73.95960231,0.001779562087,0.0002149017868,2.605739673e-05
541.4,2.234416647,-0.3046583342,-32.10049657,3.927895429,0.3597980912,,73.95960455,0.001165912734,0.0001878535919,2.075734297e-05
541.5,2.234202998,-0.3047704161,-32.10053366,3.927990843,0.3598171355,,73.95960654,0.0007688051368,0.000176265644,1.77931201e-05
541.6,2.234265596,-0.3047829645,-32.1005756,3.928056712,0.3598327687,,73.9596081,0.0005196926881,0.0001335213691,1.31500812e-05
541.7,2.234174471,-0.304778669,-32.10056057,3.928097524,0.3598444101,,73.95960923,0.0003006642839,9.814968033e-05,9.248275752e-06
541.8,2.234100248,-0.3047938976,-32.1005681,3.928122714,0.3598500223,,73.9596098,0.000210306269,1.111463387e-05,1.963098619e-06
541.9,2.234098255,-0.304756183,-32.1005728,3.928140819,0.3598503215,,73.95960992,0.0001491720364,-9.353604901e-07,7.026545983e-07
542,2.234092078,-0.3047526226,-32.10057198,3.928153506,0.3598502533,,73.95960998,0.0001031455698,1.02886137e-07,5.445644091e-07
542.1,2.234086156,-0.3047528602,-32.10057124,3.92816222,0.3598503477,,73.95961003,7.032987742e-05,1.879263033e-06,5.138014865e-07
542.2,2.234080531,-0.3047882507,-32.10058729,3.928167941,0.3598511846,,73.95961012,4.013073114e-05,1.846762621e-05,1.656886207e-06
542.3,2.234066174,-0.3047778649,-32.10056154,3.928171091,0.3598529924,,73.95961028,2.699047867e-05,6.31707341e-06,6.359742981e-07
542.4,2.234066358,-0.3047715871,-32.10057398,3.928173136,0.3598542107,,73.95961039,1.923284735e-05,2.481688127e-06,2.95352296e-07
542.5,2.234064226,-0.3047688767,-32.10056712,3.928174501,0.3598552257,,73.95961047,1.45083317e-05,3.120872668e-07,1.01163028e-07
542.6,2.234063653,-0.3047688662,-32.10056724,3.928175463,0.3598561074,,73.95961055,1.121119668e-05,-4.487898478e-07,2.439864498e-08
542.7,2.23406412,-0.3047714035,-32.10057346,3.928176176,0.3598569113,,73.95961062,8.51757822e-06,6.004221027e-08,5.00612224e-08
542.8,2.234061004,-0.3047758584,-32.10056111,3.928176703,0.3598576869,,73.95961068,6.267366038e-06,1.093504802e-06,1.20455316e-07
542.9,2.234052972,-0.3047995953,-32.10049327,3.928177246,0.359858206,,73.95961072,2.288398715e-06,9.793625753e-06,7.764279847e-07
543,2.23410124,-0.3046480364,-32.10051959,3.928177743,0.3598584637,,73.95961075,-2.671311845e-06,2.879678739e-05,2.239361661e-06
543.1,2.23406616,-0.3047640163,-32.10057105,3.928177989,0.3598591919,,73.9596108,5.946674297e-06,-1.65389034e-06,-9.750919912e-08
543.2,2.234064158,-0.3047791733,-32.10057576,3.92817826,0.359859942,,73.95961086,2.675930457e-06,3.57888188e-06,2.963684348e-07
543.3,2.234068612,-0.3047595265,-32.10057014,3.928178739,0.3598599301,,73.95961087,6.274904378e-06,-1.517580826e-06,-8.508791012e-08
543.4,2.234065911,-0.3047684369,-32.10057138,3.928178846,0.3598608895,,73.95961094,3.765267308e-06,6.21772599e-07,7.021625489e-08
543.5,2.234069657,-0.3047590816,-32.10056903,3.928179349,0.3598608399,,73.95961094,5.813914e-06,-4.714274623e-07,-4.664104921e-09
543.6,2.234066295,-0.3047691173,-32.10057108,3.928179389,0.3598619131,,73.95961102,2.951896922e-06,1.725924058e-06,1.525036493e-07
543.7,2.234069872,-0.3047599936,-32.10057018,3.92817981,0.359861961,,73.95961103,5.052776154e-06,3.488657281e-07,5.545796356e-08
543.8,2.234065625,-0.3047811377,-32.10057528,3.928179906,0.3598630064,,73.95961111,3.440093305e-07,6.795820468e-06,5.361785761e-07
543.9,2.23406912,-0.3047620607,-32.10057021,3.928180146,0.3598632841,,73.95961113,3.97098093e-06,9.822539563e-07,9.867749357e-08
544,2.234071087,-0.3047604102,-32.10056888,3.92818058,0.3598634185,,73.95961114,4.462826643e-06,1.997596942e-06,1.808712944e-07
544.1,2.234071772,-0.3047607458,-32.1005694,3.928181007,0.3598636806,,73.95961117,3.961469388e-06,3.312117606e-06,2.809555583e-07
544.2,2.234066293,-0.3047828599,-32.10057488,3.92818096,0.3598650017,,73.95961127,-1.282451735e-06,9.214927893e-06,7.171851812e-07
544.3,2.2340693,-0.304763843,-32.10056936,3.928181042,0.3598654902,,73.95961131,2.502362462e-06,2.747843327e-06,2.292793688e-07
544.4,2.234071157,-0.3047620926,-32.10056937,3.928181344,0.3598657774,,73.95961133,3.325360655e-06,3.268133897e-06,2.750098576e-07
544.5,2.234071858,-0.3047623652,-32.10056867,3.928181672,0.3598661495,,73.95961136,3.144633e-06,4.215463334e-06,3.478616818e-07
544.6,2.234072136,-0.3047628882,-32.1005684,3.928181966,0.3598666071,,73.9596114,2.690880704e-06,4.957162946e-06,4.031100021e-07
544.7,2.234072183,-0.3047632908,-32.10056855,3.928182215,0.3598671288,,73.95961144,2.261635211e-06,5.490004654e-06,4.430526566e-07
544.8,2.23407219,-0.3047637083,-32.10056857,3.928182424,0.3598676965,,73.95961149,1.922129662e-06,5.872777118e-06,4.714472456e-07
544.9,2.234072245,-0.3047641213,-32.10056904,3.928182605,0.3598682978,,73.95961154,1.671617969e-06,6.15544585e-06,4.926122885e-07
545,2.234072251,-0.3047646601,-32.10056841,3.928182763,0.3598689235,,73.95961159,1.491971337e-06,6.353141847e-06,5.072538863e-07
545.1,2.234072268,-0.3047650601,-32.10056838,3.928182906,0.3598695664,,73.95961164,1.371836779e-06,6.498880841e-06,5.17415838e-07
545.2,2.234072317,-0.3047654916,-32.10056874,3.92818304,0.3598702212,,73.95961169,1.300637641e-06,6.596177065e-06,5.240540088e-07
545.3,2.23407241,-0.3047659027,-32.10056855,3.928183167,0.3598708849,,73.95961174,1.240506171e-06,6.682815615e-06,5.303089186e-07
545.4,2.234072446,-0.3047662163,-32.10056822,3.928183288,0.3598715553,,73.9596118,1.196257459e-06,6.742049568e-06,5.3499635e-07
545.5,2.234072488,-0.3047665494,-32.10056841,3.928183406,0.35987223,,73.95961185,1.176944355e-06,6.770994956e-06,5.376462629e-07
545.6,2.234072647,-0.3047669606,-32.10056888,3.928183523,0.359872908,,73.9596119,1.147052517e-06,6.791369073e-06,5.391034795e-07
545.7,2.234072596,-0.3047673794,-32.1005683,3.928183637,0.3598735884,,73.95961196,1.14481645e-06,6.814747819e-06,5.41486529e-07
545.8,2.234072697,-0.3047677011,-32.10056812,3.928183751,0.3598742706,,73.95961201,1.135053349e-06,6.81345563e-06,5.41239185e-07
545.9,2.234072753,-0.3047681325,-32.10056877,3.928183865,0.3598749536,,73.95961206,1.13852487e-06,6.836072966e-06,5.426457648e-07
546,2.234072817,-0.3047685698,-32.10056808,3.928183978,0.3598756376,,73.95961212,1.130898918e-06,6.835923949e-06,5.430758437e-07
546.1,2.234072883,-0.3047689557,-32.10056863,3.928184091,0.3598763214,,73.95961217,1.130105955e-06,6.842278756e-06,5.434586483e-07
546.2,2.23407297,-0.3047692511,-32.1005685,3.928184204,0.3598770063,,73.95961223,1.133220567e-06,6.860212386e-06,5.442383799e-07
546.3,2.234072953,-0.3047697126,-32.10056758,3.928184317,0.3598776916,,73.95961228,1.128633895e-06,6.843839523e-06,5.427105061e-07
546.4,2.234073049,-0.3047700483,-32.10056834,3.928184429,0.3598783763,,73.95961234,1.127453662e-06,6.863940013e-06,5.442107661e-07
546.5,2.234073128,-0.3047704451,-32.10056829,3.928184542,0.3598790622,,73.95961239,1.129069503e-06,6.849331772e-06,5.435805481e-07
546.6,2.234073166,-0.3047708697,-32.10056841,3.928184654,0.3598797476,,73.95961244,1.121477661e-06,6.843016689e-06,5.426027203e-07
546.7,2.234073291,-0.3047712029,-32.10056902,3.928184766,0.3598804327,,73.9596125,1.12624779e-06,6.85928341e-06,5.441030879e-07
546.8,2.23407336,-0.3047716175,-32.10056855,3.928184879,0.3598811188,,73.95961255,1.12334663e-06,6.854140804e-06,5.438126149e-07
546.9,2.234073414,-0.3047720381,-32.1005683,3.928184991,0.3598818041,,73.95961261,1.12210817e-06,6.847749021e-06,5.428487614e-07
547,2.234073408,-0.3047723476,-32.10056782,3.928185103,0.3598824889,,73.95961266,1.122218934e-06,6.867916458e-06,5.445265491e-07
547.1,2.234073542,-0.3047726775,-32.10056835,3.928185215,0.3598831746,,73.95961271,1.130837122e-06,6.857666186e-06,5.445992708e-07
547.2,2.234073572,-0.3047731681,-32.10056826,3.928185328,0.3598838596,,73.95961277,1.121114545e-06,6.840245467e-06,5.423029457e-07
547.3,2.23407359,-0.3047734807,-32.10056803,3.92818544,0.3598845443,,73.95961282,1.126080726e-06,6.85596848e-06,5.438902268e-07
547.4,2.234073711,-0.3047739041,-32.10056842,3.928185552,0.35988523,,73.95961288,1.125060006e-06,6.847572242e-06,5.434117053e-07
547.5,2.234073729,-0.3047743012,-32.10056828,3.928185665,0.3598859149,,73.95961293,1.124324711e-06,6.83227666e-06,5.421416679e-07
547.6,2.234073796,-0.3047747362,-32.10056826,3.928185777,0.3598865998,,73.95961299,1.126169505e-06,6.85323934e-06,5.444809605e-07
547.7,2.234073923,-0.3047750863,-32.10056837,3.92818589,0.3598872849,,73.95961304,1.12688019e-06,6.851698709e-06,5.4317578e-07
547.8,2.23407395,-0.3047754895,-32.10056837,3.928186002,0.3598879692,,73.95961309,1.123344369e-06,6.837828756e-06,5.433840556e-07
547.9,2.234074011,-0.3047758246,-32.10056822,3.928186114,0.3598886541,,73.95961315,1.119796325e-06,6.858045541e-06,5.448603781e-07
548,2.234074057,-0.3047761998,-32.10056813,3.928186226,0.3598893389,,73.9596132,1.120468108e-06,6.837643414e-06,5.426215646e-07
548.1,2.234074108,-0.3047765747,-32.10056795,3.928186338,0.3598900228,,73.95961326,1.119139879e-06,6.841544949e-06,5.424518196e-07
548.2,2.234074191,-0.3047769639,-32.10056833,3.92818645,0.3598907079,,73.95961331,1.124707373e-06,6.847073315e-06,5.432086755e-07
548.3,2.234074292,-0.3047773558,-32.10056842,3.928186562,0.3598913924,,73.95961336,1.122077792e-06,6.829972982e-06,5.421147389e-07
548.4,2.234074314,-0.3047777723,-32.10056858,3.928186674,0.3598920768,,73.95961342,1.125030544e-06,6.840564455e-06,5.425613038e-07
548.5,2.234074376,-0.3047782349,-32.10056831,3.928186786,0.3598927614,,73.95961347,1.123631328e-06,6.845251404e-06,5.427238965e-07
548.6,2.234074437,-0.3047784257,-32.10056833,3.928186898,0.3598934449,,73.95961353,1.121735666e-06,6.848254274e-06,5.431393459e-07
548.7,2.23407448,-0.3047789349,-32.10056788,3.92818701,0.3598941296,,73.95961358,1.128301271e-06,6.841137144e-06,5.423936418e-07
548.8,2.234074569,-0.3047792848,-32.1005677,3.928187123,0.3598948137,,73.95961364,1.117469629e-06,6.838097994e-06,5.421650111e-07
548.9,2.23407471,-0.3047795912,-32.10056879,3.928187235,0.3598954974,,73.95961369,1.124150614e-06,6.841621089e-06,5.432534839e-07
549,2.234074747,-0.3047800951,-32.10056865,3.928187347,0.3598961816,,73.95961374,1.119344924e-06,6.825902649e-06,5.424645743e-07
549.1,2.234074721,-0.3047804118,-32.10056792,3.928187459,0.3598968649,,73.9596138,1.119917631e-06,6.842692511e-06,5.439177321e-07
549.2,2.234074837,-0.3047808365,-32.10056828,3.928187571,0.3598975494,,73.95961385,1.122892786e-06,6.836034926e-06,5.426872538e-07
549.3,2.234074958,-0.3047813014,-32.10056892,3.928187683,0.3598982328,,73.95961391,1.120383595e-06,6.824995521e-06,5.406122392e-07
549.4,2.234074987,-0.3047815247,-32.10056837,3.928187795,0.3598989165,,73.95961396,1.121856758e-06,6.847037865e-06,5.434856094e-07
549.5,2.234075047,-0.3047819285,-32.10056828,3.928187907,0.3598995999,,73.95961401,1.125243775e-06,6.829679047e-06,5.420365738e-07
549.6,2.234075078,-0.3047823407,-32.10056813,3.928188019,0.3599002829,,73.95961407,1.125415931e-06,6.838936592e-06,5.429124449e-07
549.7,2.234075111,-0.3047827492,-32.10056819,3.928188131,0.3599009668,,73.95961412,1.117170844e-06,6.824291638e-06,5.415047968e-07
549.858,2.234075162,-0.3047828408,-32.10056799,3.928188169,0.3599011944,,73.95961414,1.117515548e-06,6.827300667e-06,5.417334087e-07
550.108,2.234075524,-0.3047852518,-32.10056922,3.928188365,0.3599024285,,73.95961424,1.205635009e-06,6.938957526e-06,5.48339827e-07
550.108,2.234075524,-0.3047852518,-32.10056922,3.928188365,0.3599024285,,73.95961424,1.205635009e-06,6.938957526e-06,5.48339827e-07
550.108,2.234075524,-0.3047852518,-32.10056922,3.928188365,0.3599024285,,73.95961424,1.205635009e-06,6.938957526e-06,5.48339827e-07
550.183,2.234075694,-0.3047854488,-32.10056868,3.928188746,0.3599046963,,73.95961442,1.042160069e-06,5.776662928e-06,4.562730406e-07
550.283,2.234075588,-0.3047849215,-32.10056831,3.928188846,0.3599052713,,73.95961446,9.719646256e-07,5.832796472e-06,4.630823975e-07
550.383,2.234075601,-0.3047851633,-32.10056817,3.928188943,0.3599058658,,73.95961451,9.813848353e-07,6.082981055e-06,4.832305988e-07
550.483,2.234075643,-0.3047855536,-32.10056827,3.928189042,0.3599064837,,73.95961456,1.008364804e-06,6.282072259e-06,4.991085328e-07
550.583,2.234075684,-0.3047860326,-32.10056836,3.928189144,0.3599071198,,73.95961461,1.03611597e-06,6.438759319e-06,5.104955168e-07
550.683,2.234075783,-0.3047865339,-32.10056851,3.928189249,0.3599077693,,73.95961466,1.06170788e-06,6.545937042e-06,5.195800286e-07
550.783,2.234075809,-0.3047868596,-32.10056807,3.928189356,0.3599084279,,73.95961471,1.076005894e-06,6.631925486e-06,5.271225581e-07
550.883,2.234075872,-0.3047872742,-32.10056836,3.928189464,0.3599090929,,73.95961476,1.089719976e-06,6.675421365e-06,5.307427743e-07
550.983,2.234075952,-0.3047875627,-32.10056825,3.928189572,0.3599097623,,73.95961482,1.095448092e-06,6.711271025e-06,5.328915347e-07
551.083,2.234075989,-0.3047880388,-32.1005681,3.928189683,0.3599104355,,73.95961487,1.104231653e-06,6.74193497e-06,5.351729225e-07
551.183,2.234076107,-0.3047883946,-32.10056821,3.928189793,0.3599111118,,73.95961492,1.104234985e-06,6.765084349e-06,5.365287375e-07
551.283,2.234076125,-0.3047887839,-32.10056791,3.928189904,0.3599117898,,73.95961498,1.115627835e-06,6.777549715e-06,5.379846264e-07
551.383,2.234076179,-0.3047891499,-32.10056787,3.928190015,0.3599124685,,73.95961503,1.114864903e-06,6.797886527e-06,5.3927206e-07
551.483,2.23407629,-0.3047896057,-32.10056793,3.928190127,0.3599131484,,73.95961509,1.118572056e-06,6.794275471e-06,5.387329941e-07
551.583,2.2340763,-0.3047899447,-32.10056807,3.928190238,0.3599138288,,73.95961514,1.125507519e-06,6.811308261e-06,5.415456792e-07
551.683,2.234076363,-0.3047902843,-32.10056807,3.92819035,0.3599145091,,73.95961519,1.11388697e-06,6.818982462e-06,5.407525604e-07
551.783,2.234076472,-0.3047906208,-32.10056835,3.928190462,0.3599151905,,73.95961525,1.121259944e-06,6.81146401e-06,5.408828661e-07
551.883,2.234076514,-0.3047911044,-32.10056813,3.928190573,0.3599158712,,73.9596153,1.115873737e-06,6.8089842e-06,5.40301933e-07
551.983,2.234076571,-0.3047914419,-32.10056764,3.928190685,0.3599165529,,73.95961535,1.1177649e-06,6.805102029e-06,5.401724455e-07
552.083,2.234076684,-0.3047918054,-32.10056807,3.928190797,0.359917234,,73.95961541,1.117735967e-06,6.820222382e-06,5.410140346e-07
552.192,2.234076772,-0.3047922952,-32.10056832,3.928190918,0.3599179749,,73.95961547,1.116763013e-06,6.818870294e-06,5.410192997e-07
552.292,2.234076736,-0.3047927026,-32.10056776,3.92819103,0.359918656,,73.95961552,1.123815248e-06,6.804321284e-06,5.395578009e-07
552.392,2.234076822,-0.3047930055,-32.10056785,3.928191142,0.3599193366,,73.95961558,1.113703359e-06,6.809909957e-06,5.402733457e-07
552.492,2.234076884,-0.3047933441,-32.10056808,3.928191253,0.3599200172,,73.95961563,1.120762252e-06,6.820378197e-06,5.411252457e-07
552.592,2.234076969,-0.3047937056,-32.10056857,3.928191365,0.359920698,,73.95961568,1.117834999e-06,6.805059449e-06,5.400522685e-07
552.7,2.234077043,-0.3047941636,-32.10056799,3.928191477,0.3599213794,,73.95961574,1.119525951e-06,6.804938237e-06,5.399217155e-07
552.8,2.234077072,-0.304794568,-32.10056787,3.928191598,0.3599221194,,73.9596158,1.11617285e-06,6.805616172e-06,5.398038157e-07
552.9,2.234077206,-0.3047949367,-32.10056804,3.92819171,0.3599228001,,73.95961585,1.112552922e-06,6.800867321e-06,5.395072098e-07
553,2.234077195,-0.3047953085,-32.10056756,3.928191821,0.3599234801,,73.9596159,1.119658844e-06,6.799929607e-06,5.3959474e-07
553.083,2.234077235,-0.3047956293,-32.10056768,3.928191895,0.359923934,,73.95961594,1.113806572e-06,6.807772612e-06,5.412206379e-07
553.183,2.234077396,-0.3047966388,-32.10056799,3.928192027,0.3599247475,,73.959616,1.144427897e-06,6.971664953e-06,5.511754515e-07
553.283,2.234077356,-0.3047965135,-32.10056719,3.92819214,0.3599254303,,73.95961606,1.115626718e-06,6.750655552e-06,5.352831829e-07
553.383,2.234077411,-0.3047968174,-32.10056767,3.928192251,0.3599261054,,73.95961611,1.111695814e-06,6.747033033e-06,5.352956215e-07
553.483,2.234077487,-0.3047971585,-32.10056735,3.928192362,0.3599267812,,73.95961616,1.107926223e-06,6.765191891e-06,5.368292376e-07
553.583,2.234077511,-0.3047975972,-32.10056752,3.928192472,0.3599274584,,73.95961622,1.108490707e-06,6.77655303e-06,5.385002375e-07
553.683,2.234077693,-0.3047979726,-32.10056833,3.928192583,0.3599281363,,73.95961627,1.111484024e-06,6.766796603e-06,5.368537215e-07
553.783,2.234077719,-0.3047984178,-32.10056785,3.928192695,0.359928815,,73.95961632,1.115823241e-06,6.788698304e-06,5.386822987e-07
553.883,2.234077707,-0.3047986958,-32.10056764,3.928192806,0.3599294938,,73.95961638,1.115690925e-06,6.808578834e-06,5.407030388e-07
553.983,2.234077838,-0.3047989441,-32.10056778,3.928192917,0.3599301728,,73.95961643,1.117528351e-06,6.79374252e-06,5.39835806e-07
554.083,2.234077814,-0.3047995176,-32.10056759,3.928193028,0.3599308526,,73.95961649,1.116942189e-06,6.790666947e-06,5.383468896e-07
554.183,2.234077934,-0.3047998338,-32.10056745,3.92819314,0.3599315323,,73.95961654,1.10945057e-06,6.796937688e-06,5.393138232e-07
554.283,2.234078005,-0.3048002762,-32.10056761,3.928193251,0.3599322121,,73.95961659,1.108685746e-06,6.784602517e-06,5.381366989e-07
554.383,2.23407801,-0.3048006333,-32.10056728,3.928193362,0.3599328918,,73.95961665,1.116166416e-06,6.796853653e-06,5.402082335e-07
554.483,2.23407817,-0.3048009395,-32.10056806,3.928193474,0.3599335714,,73.9596167,1.120039933e-06,6.797117934e-06,5.399386313e-07
554.583,2.234078142,-0.3048014802,-32.10056708,3.928193585,0.3599342513,,73.95961676,1.116407041e-06,6.785666158e-06,5.386398498e-07
554.683,2.234078274,-0.3048017628,-32.10056796,3.928193696,0.3599349306,,73.95961681,1.113097684e-06,6.801633912e-06,5.394439654e-07
554.783,2.234078316,-0.3048020541,-32.10056758,3.928193808,0.3599356097,,73.95961686,1.117471779e-06,6.800871936e-06,5.398153516e-07
554.883,2.234078329,-0.3048025301,-32.10056767,3.928193919,0.3599362895,,73.95961692,1.117697297e-06,6.790034798e-06,5.394283729e-07
554.983,2.234078496,-0.3048028328,-32.10056779,3.928194031,0.3599369689,,73.95961697,1.11715467e-06,6.790633311e-06,5.392220508e-07
555.083,2.23407846,-0.3048033159,-32.10056747,3.928194142,0.3599376485,,73.95961702,1.111264447e-06,6.786884135e-06,5.381559635e-07
555.183,2.234078572,-0.3048037225,-32.10056764,3.928194253,0.359938328,,73.95961708,1.111889543e-06,6.785142413e-06,5.393038427e-07
555.283,2.234078609,-0.3048040214,-32.10056728,3.928194365,0.3599390069,,73.95961713,1.116084408e-06,6.792353055e-06,5.393272008e-07
555.383,2.234078617,-0.3048043611,-32.1005673,3.928194476,0.3599396859,,73.95961718,1.113579881e-06,6.793258101e-06,5.388577416e-07
555.483,2.234078742,-0.3048047776,-32.10056728,3.928194587,0.3599403653,,73.95961724,1.11082025e-06,6.798414153e-06,5.391432801e-07
555.583,2.234078881,-0.3048051012,-32.1005682,3.928194698,0.3599410443,,73.95961729,1.118530156e-06,6.797956395e-06,5.396754977e-07
555.683,2.234078807,-0.3048055409,-32.10056701,3.92819481,0.3599417233,,73.95961735,1.112353615e-06,6.781057269e-06,5.378170644e-07
555.783,2.234078989,-0.3048059395,-32.10056785,3.928194921,0.3599424028,,73.9596174,1.1125373e-06,6.778444187e-06,5.380058427e-07
555.883,2.234078959,-0.304806356,-32.10056725,3.928195032,0.3599430815,,73.95961745,1.113054461e-06,6.786451089e-06,5.382006849e-07
555.983,2.234079059,-0.304806692,-32.1005675,3.928195143,0.3599437602,,73.95961751,1.10893858e-06,6.782413958e-06,5.392696751e-07
556.083,2.234079175,-0.3048071232,-32.10056807,3.928195255,0.3599444389,,73.95961756,1.114005692e-06,6.790642056e-06,5.395312191e-07
556.183,2.234079143,-0.304807419,-32.1005673,3.928195366,0.3599451174,,73.95961761,1.115345174e-06,6.793386888e-06,5.390099487e-07
556.283,2.234079261,-0.3048078175,-32.10056776,3.928195477,0.3599457959,,73.95961767,1.113118877e-06,6.780711983e-06,5.377515593e-07
556.383,2.234079303,-0.3048082803,-32.10056778,3.928195588,0.3599464745,,73.95961772,1.114291531e-06,6.775297301e-06,5.372762348e-07
556.483,2.234079347,-0.304808623,-32.10056728,3.928195699,0.3599471529,,73.95961778,1.112664935e-06,6.782461683e-06,5.392688671e-07
556.583,2.234079478,-0.3048089556,-32.10056776,3.92819581,0.3599478313,,73.95961783,1.116162291e-06,6.784352323e-06,5.384419456e-07
556.683,2.234079461,-0.3048094029,-32.10056718,3.928195922,0.3599485097,,73.95961788,1.110420249e-06,6.768288581e-06,5.380384164e-07
556.842,2.234079539,-0.3048096173,-32.10056758,3.928195996,0.3599489617,,73.95961792,1.110859101e-06,6.793650097e-06,5.391912888e-07
556.875,2.234079797,-0.3048115249,-32.10056819,3.928196144,0.3599498966,,73.95961799,1.184130161e-06,7.015325649e-06,5.541127309e-07
556.975,2.234079671,-0.3048106236,-32.10056708,3.928196258,0.359950568,,73.95961805,1.110596804e-06,6.572693907e-06,5.215357607e-07
557.075,2.234079784,-0.3048108349,-32.10056782,3.928196368,0.3599512256,,73.9596181,1.088060291e-06,6.59035838e-06,5.227875139e-07
557.175,2.234079789,-0.3048111803,-32.10056725,3.928196477,0.3599518867,,73.95961815,1.085841791e-06,6.634588424e-06,5.262166013e-07
557.275,2.234079867,-0.3048115891,-32.10056752,3.928196586,0.3599525525,,73.9596182,1.091741675e-06,6.668208381e-06,5.292584471e-07
557.375,2.23407996,-0.3048119974,-32.1005675,3.928196695,0.3599532216,,73.95961826,1.094807221e-06,6.695110227e-06,5.310647677e-07
557.475,2.234080017,-0.3048124028,-32.10056781,3.928196805,0.3599538929,,73.95961831,1.099541038e-06,6.720247092e-06,5.331531085e-07
557.575,2.234080061,-0.3048127753,-32.10056766,3.928196915,0.3599545658,,73.95961836,1.105321267e-06,6.740347885e-06,5.343641796e-07
557.675,2.23408011,-0.3048131512,-32.10056769,3.928197025,0.3599552402,,73.95961842,1.104925224e-06,6.754490201e-06,5.366953308e-07
557.775,2.234080214,-0.3048134821,-32.10056777,3.928197135,0.3599559155,,73.95961847,1.105817527e-06,6.757993374e-06,5.362827431e-07
557.875,2.234080238,-0.3048138997,-32.10056739,3.928197246,0.3599565912,,73.95961852,1.109542271e-06,6.759292647e-06,5.373711814e-07
557.975,2.23408033,-0.30481424,-32.1005677,3.928197356,0.3599572675,,73.95961858,1.10997296e-06,6.761656527e-06,5.36550135e-07
558.075,2.23408028,-0.3048146387,-32.10056731,3.928197467,0.3599579442,,73.95961863,1.107920396e-06,6.754111601e-06,5.358293031e-07
558.175,2.234080458,-0.3048150856,-32.10056758,3.928197578,0.3599586207,,73.95961868,1.106440375e-06,6.762607571e-06,5.373658806e-07
558.275,2.234080486,-0.3048153559,-32.10056719,3.928197689,0.3599592971,,73.95961874,1.11427036e-06,6.777379288e-06,5.377049039e-07
558.375,2.234080491,-0.3048157835,-32.10056731,3.9281978,0.3599599738,,73.95961879,1.11372954e-06,6.777315163e-06,5.382461679e-07
558.475,2.23408064,-0.3048161156,-32.10056753,3.928197911,0.3599606505,,73.95961884,1.10724234e-06,6.774785868e-06,5.372447589e-07
558.575,2.234080685,-0.3048164802,-32.10056747,3.928198022,0.3599613273,,73.9596189,1.109838345e-06,6.757935859e-06,5.365012169e-07
558.675,2.234080744,-0.3048169211,-32.10056778,3.928198133,0.359962004,,73.95961895,1.108222791e-06,6.760899726e-06,5.362181744e-07
558.775,2.234080892,-0.3048172551,-32.10056784,3.928198244,0.3599626807,,73.959619,1.105166811e-06,6.7632829e-06,5.370059976e-07
558.875,2.2340809,-0.3048176904,-32.10056756,3.928198355,0.3599633574,,73.95961906,1.109344079e-06,6.765886127e-06,5.366267771e-07
558.975,2.234080961,-0.3048180277,-32.10056775,3.928198465,0.3599640342,,73.95961911,1.113003435e-06,6.770622691e-06,5.373688059e-07
559.075,2.234080977,-0.3048185004,-32.10056764,3.928198576,0.3599647108,,73.95961916,1.111516134e-06,6.755409992e-06,5.369063672e-07
559.175,2.234081045,-0.3048188378,-32.10056735,3.928198687,0.3599653871,,73.95961922,1.110487446e-06,6.757616072e-06,5.360517028e-07
559.275,2.234081088,-0.3048191816,-32.10056715,3.928198798,0.3599660633,,73.95961927,1.110877463e-06,6.761811375e-06,5.365670419e-07
559.375,2.234081148,-0.3048196201,-32.10056744,3.928198909,0.3599667396,,73.95961932,1.109101881e-06,6.760674796e-06,5.368803562e-07
559.475,2.234081226,-0.3048199291,-32.10056706,3.928199019,0.3599674159,,73.95961938,1.106700562e-06,6.756343397e-06,5.361407333e-07
559.575,2.234081278,-0.3048203408,-32.10056754,3.92819913,0.3599680922,,73.95961943,1.1079357e-06,6.74570541e-06,5.352324036e-07
559.675,2.23408136,-0.3048207498,-32.10056716,3.928199241,0.3599687679,,73.95961949,1.10625455e-06,6.747040166e-06,5.355432433e-07
559.775,2.23408147,-0.3048210532,-32.10056749,3.928199352,0.3599694433,,73.95961954,1.11213554e-06,6.763759206e-06,5.367503789e-07
559.875,2.234081447,-0.3048214812,-32.10056711,3.928199463,0.3599701188,,73.95961959,1.112977456e-06,6.761489987e-06,5.374238605e-07
559.975,2.234081587,-0.3048218149,-32.1005676,3.928199574,0.3599707944,,73.95961965,1.112715633e-06,6.758783476e-06,5.363339651e-07
560.075,2.234081577,-0.3048222415,-32.10056735,3.928199684,0.3599714702,,73.9596197,1.111267579e-06,6.755384702e-06,5.368885057e-07
560.175,2.234081694,-0.304822567,-32.10056781,3.928199795,0.3599721461,,73.95961975,1.10424124e-06,6.747880631e-06,5.356809106e-07
560.275,2.234081777,-0.3048229869,-32.10056734,3.928199906,0.3599728219,,73.95961981,1.102069337e-06,6.749702978e-06,5.356139081e-07
560.375,2.234081787,-0.3048234332,-32.10056736,3.928200017,0.3599734978,,73.95961986,1.107662405e-06,6.753143118e-06,5.354834033e-07
560.475,2.234081825,-0.3048236863,-32.10056666,3.928200127,0.3599741733,,73.95961991,1.111022678e-06,6.763962516e-06,5.369083663e-07
560.575,2.234081911,-0.3048241334,-32.10056721,3.928200238,0.3599748488,,73.95961997,1.109315782e-06,6.759120715e-06,5.373046928e-07
560.675,2.234081953,-0.3048244529,-32.10056691,3.928200349,0.3599755243,,73.95962002,1.114266771e-06,6.75570581e-06,5.362853292e-07
560.775,2.234082012,-0.3048248813,-32.1005676,3.928200459,0.3599761995,,73.95962007,1.107498236e-06,6.750179231e-06,5.354102425e-07
560.875,2.234082074,-0.304825221,-32.10056688,3.92820057,0.3599768746,,73.95962013,1.101049386e-06,6.746180664e-06,5.351329477e-07
560.975,2.234082263,-0.3048256507,-32.10056799,3.928200681,0.3599775498,,73.95962018,1.104968476e-06,6.737825051e-06,5.345852448e-07
561.075,2.234082201,-0.3048260954,-32.10056724,3.928200791,0.3599782248,,73.95962023,1.107421595e-06,6.743400756e-06,5.354654394e-07
561.175,2.234082325,-0.3048264707,-32.1005677,3.928200901,0.3599789004,,73.95962029,1.107780801e-06,6.751350909e-06,5.365456182e-07
561.275,2.234082298,-0.3048268047,-32.1005667,3.928201011,0.3599795758,,73.95962034,1.106276283e-06,6.756911603e-06,5.3567781e-07
561.375,2.234082352,-0.3048271489,-32.1005669,3.928201122,0.359980251,,73.95962039,1.1069761e-06,6.752189292e-06,5.356207264e-07
561.475,2.234082478,-0.3048274989,-32.10056722,3.928201232,0.3599809258,,73.95962045,1.106683291e-06,6.75032485e-06,5.355265104e-07
561.575,2.23408247,-0.3048279211,-32.10056697,3.928201343,0.3599816006,,73.9596205,1.109531907e-06,6.743792659e-06,5.356984439e-07
561.675,2.234082557,-0.3048282357,-32.10056693,3.928201453,0.3599822753,,73.95962055,1.105336739e-06,6.733446682e-06,5.346116059e-07
561.775,2.234082596,-0.3048286487,-32.10056654,3.928201563,0.3599829494,,73.9596206,1.111353414e-06,6.732292053e-06,5.343730716e-07
561.875,2.23408264,-0.3048290929,-32.10056652,3.928201674,0.3599836241,,73.95962066,1.104977488e-06,6.730915264e-06,5.337084557e-07
561.975,2.234082794,-0.3048294597,-32.10056724,3.928201784,0.3599842984,,73.95962071,1.103969868e-06,6.729276891e-06,5.337811005e-07
562.075,2.234082885,-0.3048297586,-32.10056731,3.928201895,0.3599849726,,73.95962076,1.104322361e-06,6.743519599e-06,5.353688498e-07
562.175,2.23408293,-0.3048302148,-32.10056712,3.928202005,0.3599856471,,73.95962082,1.107653037e-06,6.748236276e-06,5.348870562e-07
562.275,2.234082995,-0.3048304762,-32.10056773,3.928202115,0.3599863211,,73.95962087,1.107396166e-06,6.747869678e-06,5.356881207e-07
562.375,2.234083018,-0.3048308846,-32.10056668,3.928202226,0.3599869951,,73.95962092,1.105004417e-06,6.740997035e-06,5.348332591e-07
562.475,2.234083101,-0.3048312579,-32.10056709,3.928202336,0.3599876691,,73.95962098,1.109274267e-06,6.744173352e-06,5.350764948e-07
562.575,2.234083092,-0.3048316914,-32.10056671,3.928202446,0.3599883433,,73.95962103,1.107145243e-06,6.738915884e-06,5.352687139e-07
562.675,2.234083187,-0.3048320626,-32.10056708,3.928202557,0.3599890172,,73.95962108,1.102038646e-06,6.740021011e-06,5.351719994e-07
562.775,2.234083241,-0.3048323961,-32.10056678,3.928202667,0.3599896909,,73.95962114,1.11126339e-06,6.738660777e-06,5.347303513e-07
562.875,2.234083303,-0.3048328671,-32.10056691,3.928202778,0.3599903647,,73.95962119,1.107764266e-06,6.742827399e-06,5.346495157e-07
562.975,2.234083419,-0.3048331073,-32.10056726,3.928202889,0.3599910384,,73.95962124,1.106921603e-06,6.736710457e-06,5.349387246e-07
563.075,2.234083412,-0.3048335399,-32.10056698,3.928202999,0.3599917119,,73.9596213,1.111210336e-06,6.731325889e-06,5.339651542e-07
563.175,2.234083546,-0.304833979,-32.10056757,3.92820311,0.3599923859,,73.95962135,1.102568667e-06,6.723753512e-06,5.333065656e-07
563.275,2.234083573,-0.3048343917,-32.10056678,3.92820322,0.3599930595,,73.9596214,1.102497726e-06,6.720143427e-06,5.329027843e-07
563.375,2.234083648,-0.3048347064,-32.10056719,3.92820333,0.359993733,,73.95962146,1.101135271e-06,6.72998896e-06,5.338365104e-07
563.475,2.234083788,-0.3048350581,-32.10056748,3.92820344,0.3599944066,,73.95962151,1.101283446e-06,6.726544331e-06,5.34012923e-07
563.575,2.23408376,-0.3048355374,-32.10056717,3.928203551,0.3599950797,,73.95962156,1.102212103e-06,6.734882631e-06,5.337087318e-07
563.675,2.234083851,-0.3048358108,-32.10056744,3.928203661,0.359995753,,73.95962162,1.105491335e-06,6.736481582e-06,5.342991977e-07
563.775,2.234083902,-0.3048362405,-32.10056712,3.928203771,0.3599964259,,73.95962167,1.102902498e-06,6.728472705e-06,5.34007253e-07
563.875,2.234083977,-0.3048365883,-32.10056748,3.928203881,0.359997099,,73.95962172,1.105694428e-06,6.725482441e-06,5.336005858e-07
563.975,2.234083994,-0.3048370043,-32.10056679,3.928203991,0.3599977718,,73.95962178,1.103326846e-06,6.717263702e-06,5.326587568e-07
564.075,2.234083981,-0.3048373788,-32.10056635,3.928204102,0.3599984444,,73.95962183,1.10126323e-06,6.722507758e-06,5.330564882e-07
564.175,2.234084195,-0.3048376698,-32.10056745,3.928204212,0.3599991171,,73.95962188,1.102328641e-06,6.723343024e-06,5.338080071e-07
564.275,2.234084213,-0.3048381085,-32.10056673,3.928204322,0.3599997899,,73.95962193,1.103732709e-06,6.722973364e-06,5.335102214e-07
564.375,2.234084254,-0.3048384161,-32.10056651,3.928204432,0.3600004625,,73.95962199,1.102701906e-06,6.736350535e-06,5.344849921e-07
564.475,2.234084282,-0.3048388569,-32.1005665,3.928204542,0.3600011352,,73.95962204,1.104738594e-06,6.727130141e-06,5.343291481e-07
564.575,2.234084398,-0.3048392066,-32.10056722,3.928204653,0.3600018077,,73.95962209,1.109600092e-06,6.721390795e-06,5.334807831e-07
564.675,2.2340844,-0.3048396346,-32.10056657,3.928204763,0.3600024801,,73.95962215,1.102122744e-06,6.714761588e-06,5.324706125e-07
564.775,2.234084544,-0.3048400271,-32.10056748,3.928204873,0.3600031526,,73.9596222,1.099094408e-06,6.712942893e-06,5.324441313e-07
564.875,2.23408466,-0.3048403126,-32.10056743,3.928204983,0.3600038251,,73.95962225,1.096247987e-06,6.720925494e-06,5.337214876e-07
564.975,2.234084637,-0.3048407494,-32.10056657,3.928205093,0.3600044977,,73.95962231,1.104034323e-06,6.717628106e-06,5.331491048e-07
565.075,2.234084709,-0.304841081,-32.10056733,3.928205203,0.3600051697,,73.95962236,1.10462365e-06,6.728983733e-06,5.337070534e-07
565.175,2.234084762,-0.3048415172,-32.10056733,3.928205314,0.3600058415,,73.95962241,1.103214263e-06,6.717577647e-06,5.330311157e-07
565.275,2.234084825,-0.3048418581,-32.10056735,3.928205424,0.3600065137,,73.95962247,1.103991504e-06,6.713354797e-06,5.327229497e-07
565.375,2.234084881,-0.3048423008,-32.10056686,3.928205534,0.3600071858,,73.95962252,1.098860984e-06,6.706685211e-06,5.328729578e-07
565.475,2.234084987,-0.3048425765,-32.10056719,3.928205644,0.3600078575,,73.95962257,1.098014434e-06,6.705733394e-06,5.323676051e-07
565.575,2.234085021,-0.3048430093,-32.10056673,3.928205754,0.3600085295,,73.95962263,1.098169625e-06,6.702483147e-06,5.32034797e-07
565.683,2.234085092,-0.3048437348,-32.10056725,3.928205873,0.3600092589,,73.95962268,1.102987742e-06,6.768890347e-06,5.346461727e-07
565.783,2.234085134,-0.3048438255,-32.10056691,3.928205984,0.3600099319,,73.95962274,1.104872841e-06,6.713216419e-06,5.321703225e-07
565.883,2.234085196,-0.3048441099,-32.10056682,3.928206094,0.3600106026,,73.95962279,1.106445664e-06,6.714665142e-06,5.32595776e-07
565.983,2.234085233,-0.3048444743,-32.1005669,3.928206204,0.3600112736,,73.95962284,1.101097418e-06,6.715446885e-06,5.327443597e-07
566.083,2.234085254,-0.3048448393,-32.10056667,3.928206313,0.3600119447,,73.9596229,1.100019976e-06,6.71207761e-06,5.325562966e-07
566.183,2.234085335,-0.3048452846,-32.10056625,3.928206423,0.3600126158,,73.95962295,1.096144682e-06,6.708548088e-06,5.319429364e-07
566.283,2.234085457,-0.3048456567,-32.10056703,3.928206533,0.3600132869,,73.959623,1.103336874e-06,6.701422624e-06,5.318122364e-07
566.383,2.23408552,-0.3048460435,-32.1005667,3.928206643,0.3600139578,,73.95962306,1.104184732e-06,6.70554781e-06,5.318037002e-07
566.483,2.23408558,-0.3048464578,-32.10056693,3.928206753,0.3600146289,,73.95962311,1.099832152e-06,6.716874985e-06,5.333949118e-07
566.583,2.234085602,-0.3048468085,-32.10056671,3.928206863,0.3600152999,,73.95962316,1.104752433e-06,6.712552876e-06,5.322403097e-07
566.683,2.234085626,-0.3048471796,-32.10056657,3.928206973,0.3600159709,,73.95962321,1.095018203e-06,6.710785439e-06,5.320370673e-07
566.783,2.234085733,-0.3048475337,-32.10056664,3.928207083,0.3600166416,,73.95962327,1.098589882e-06,6.70183416e-06,5.317533607e-07
566.883,2.234085756,-0.30484782,-32.10056582,3.928207193,0.3600173125,,73.95962332,1.100446059e-06,6.705950856e-06,5.324822977e-07
566.983,2.234085871,-0.3048482105,-32.10056634,3.928207303,0.3600179835,,73.95962337,1.092243985e-06,6.702681551e-06,5.320857426e-07
567.083,2.234085909,-0.3048486862,-32.10056644,3.928207412,0.360018654,,73.95962343,1.102296803e-06,6.704691864e-06,5.315382096e-07
567.183,2.23408601,-0.3048490938,-32.10056714,3.928207523,0.3600193248,,73.95962348,1.10541839e-06,6.708804379e-06,5.318336504e-07
567.283,2.234086047,-0.3048493766,-32.10056668,3.928207632,0.3600199954,,73.95962353,1.105078663e-06,6.713214171e-06,5.326345263e-07
567.383,2.234086067,-0.3048497509,-32.10056663,3.928207742,0.3600206659,,73.95962359,1.101067634e-06,6.708631118e-06,5.32197433e-07
567.483,2.234086188,-0.304850207,-32.10056712,3.928207852,0.3600213364,,73.95962364,1.097246794e-06,6.700311884e-06,5.326577787e-07
567.583,2.234086193,-0.3048504575,-32.10056625,3.928207925,0.3600217834,,73.95962367,1.09956023e-06,6.701924467e-06,5.31364481e-07
567.683,2.234086329,-0.304850981,-32.10056652,3.928208074,0.3600226944,,73.95962375,1.108165005e-06,6.675901989e-06,5.304515432e-07
567.783,2.234086373,-0.3048513412,-32.10056676,3.928208184,0.3600233613,,73.9596238,1.100568724e-06,6.660706282e-06,5.292458173e-07
567.883,2.234086508,-0.3048516634,-32.1005671,3.928208294,0.3600240278,,73.95962385,1.099450474e-06,6.671291478e-06,5.293215806e-07
567.983,2.234086437,-0.3048520536,-32.1005662,3.928208404,0.3600246949,,73.9596239,1.100981704e-06,6.677451322e-06,5.303914146e-07
568.083,2.234086518,-0.3048523548,-32.10056662,3.928208513,0.3600253628,,73.95962396,1.087976481e-06,6.678335529e-06,5.302641541e-07
568.183,2.234086553,-0.3048527558,-32.10056633,3.928208621,0.3600260313,,73.95962401,1.094125074e-06,6.684937632e-06,5.303259417e-07
568.283,2.234086707,-0.3048531618,-32.10056728,3.92820873,0.3600267002,,73.95962406,1.09441843e-06,6.683074125e-06,5.300563083e-07
568.383,2.234086668,-0.3048536078,-32.10056622,3.92820884,0.3600273692,,73.95962412,1.101493392e-06,6.680191521e-06,5.309179481e-07
568.483,2.234086831,-0.3048539153,-32.1005669,3.92820895,0.3600280387,,73.95962417,1.099141206e-06,6.681625077e-06,5.305718296e-07
568.583,2.234086872,-0.3048543457,-32.10056681,3.92820906,0.3600287079,,73.95962422,1.098374404e-06,6.689976529e-06,5.310890541e-07
568.683,2.234086921,-0.3048546368,-32.10056665,3.928209169,0.360029377,,73.95962428,1.095118972e-06,6.695727585e-06,5.313063646e-07
568.783,2.234086953,-0.3048550074,-32.10056624,3.928209279,0.3600300463,,73.95962433,1.099098708e-06,6.696145005e-06,5.315109689e-07
568.883,2.23408701,-0.3048554313,-32.10056612,3.928209388,0.3600307159,,73.95962438,1.096807545e-06,6.698967029e-06,5.320081772e-07
568.983,2.234087121,-0.3048557849,-32.10056652,3.928209498,0.3600313855,,73.95962443,1.097551028e-06,6.688300638e-06,5.307911648e-07
569.083,2.234087149,-0.3048562469,-32.10056637,3.928209608,0.3600320548,,73.95962449,1.094943679e-06,6.678427273e-06,5.309368792e-07
569.183,2.234087205,-0.3048564969,-32.10056614,3.928209718,0.3600327239,,73.95962454,1.102160095e-06,6.695839779e-06,5.313608361e-07
569.283,2.234087222,-0.304856894,-32.10056602,3.928209828,0.3600333931,,73.95962459,1.105400026e-06,6.699865194e-06,5.313151019e-07
569.383,2.234087345,-0.3048572798,-32.10056688,3.928209937,0.3600340619,,73.95962465,1.101329736e-06,6.690058793e-06,5.308072713e-07
569.483,2.234087455,-0.3048576765,-32.10056735,3.928210047,0.3600347307,,73.9596247,1.095630269e-06,6.684609522e-06,5.30093045e-07
569.583,2.234087451,-0.3048580347,-32.10056659,3.928210156,0.3600353998,,73.95962475,1.092437874e-06,6.682254617e-06,5.302793083e-07
569.683,2.234087478,-0.3048584312,-32.10056655,3.928210266,0.3600360687,,73.9596248,1.095432596e-06,6.67631618e-06,5.295216213e-07
569.783,2.234087613,-0.3048587334,-32.10056668,3.928210375,0.3600367376,,73.95962486,1.089371047e-06,6.680848217e-06,5.306134118e-07
569.883,2.234087619,-0.3048592227,-32.10056603,3.928210484,0.3600374063,,73.95962491,1.093640875e-06,6.681779155e-06,5.311986691e-07
569.983,2.234087716,-0.3048595501,-32.10056676,3.928210593,0.3600380749,,73.95962496,1.096928898e-06,6.687379271e-06,5.305319753e-07
570.083,2.234087806,-0.3048599231,-32.10056679,3.928210703,0.3600387434,,73.95962502,1.09665284e-06,6.679394914e-06,5.298218673e-07
570.183,2.234087816,-0.304860261,-32.10056648,3.928210813,0.3600394119,,73.95962507,1.098805784e-06,6.687349106e-06,5.303657275e-07
570.283,2.234087891,-0.3048607164,-32.10056655,3.928210922,0.3600400804,,73.95962512,1.096304969e-06,6.679081689e-06,5.295706485e-07
570.383,2.23408791,-0.3048610507,-32.10056605,3.928211032,0.3600407488,,73.95962517,1.090314107e-06,6.685867072e-06,5.310463533e-07
570.483,2.234088055,-0.304861416,-32.10056658,3.928211141,0.3600414172,,73.95962523,1.09300979e-06,6.676779726e-06,5.299048589e-07
570.583,2.234088034,-0.3048618252,-32.10056641,3.92821125,0.3600420855,,73.95962528,1.096088064e-06,6.675111695e-06,5.295140353e-07
570.683,2.234088188,-0.3048620982,-32.10056697,3.92821136,0.3600427534,,73.95962533,1.099336804e-06,6.692599006e-06,5.309354878e-07
570.783,2.234088164,-0.3048625549,-32.10056635,3.92821147,0.3600434214,,73.95962539,1.103533213e-06,6.684898698e-06,5.314134453e-07
570.883,2.234088286,-0.3048628399,-32.10056651,3.928211579,0.3600440891,,73.95962544,1.093514617e-06,6.676483422e-06,5.301101772e-07
570.983,2.234088254,-0.3048632589,-32.10056651,3.928211688,0.3600447568,,73.95962549,1.088368969e-06,6.675092871e-06,5.292196396e-07
571.083,2.234088383,-0.3048636357,-32.10056659,3.928211797,0.3600454249,,73.95962554,1.094184028e-06,6.672190272e-06,5.29582754e-07
571.183,2.234088436,-0.3048640682,-32.10056684,3.928211906,0.360046093,,73.9596256,1.09616395e-06,6.67584037e-06,5.294080525e-07
571.283,2.234088526,-0.3048644611,-32.10056647,3.928212016,0.3600467609,,73.95962565,1.098962767e-06,6.679144994e-06,5.29617064e-07
571.383,2.234088495,-0.3048647667,-32.10056615,3.928212125,0.3600474283,,73.9596257,1.098974774e-06,6.674453993e-06,5.294320767e-07
571.483,2.234088595,-0.3048650863,-32.10056622,3.928212235,0.3600480958,,73.95962576,1.101996597e-06,6.679563305e-06,5.300421491e-07
571.583,2.234088658,-0.3048655623,-32.10056626,3.928212345,0.3600487635,,73.95962581,1.102434952e-06,6.670664159e-06,5.303045837e-07
571.683,2.234088795,-0.3048658666,-32.10056664,3.928212454,0.3600494312,,73.95962586,1.086593964e-06,6.666490465e-06,5.293389251e-07
571.783,2.234088807,-0.304866303,-32.10056628,3.928212563,0.3600500986,,73.95962591,1.086969903e-06,6.670302728e-06,5.2941825e-07
571.883,2.234088877,-0.3048666925,-32.10056649,3.928212672,0.3600507661,,73.95962597,1.089836535e-06,6.666044018e-06,5.287477199e-07
571.983,2.234088956,-0.3048671163,-32.10056631,3.928212781,0.3600514333,,73.95962602,1.088024393e-06,6.673981408e-06,5.29121096e-07
572.083,2.234088976,-0.3048674065,-32.10056622,3.92821289,0.3600521004,,73.95962607,1.090691398e-06,6.668388336e-06,5.290801038e-07
572.183,2.234089076,-0.3048677399,-32.10056653,3.928212999,0.3600527674,,73.95962613,1.093698211e-06,6.670098776e-06,5.292117745e-07
572.283,2.234089092,-0.3048681509,-32.10056642,3.928213108,0.3600534344,,73.95962618,1.091875917e-06,6.666386985e-06,5.286576755e-07
572.383,2.23408921,-0.3048686147,-32.1005667,3.928213217,0.3600541015,,73.95962623,1.09518808e-06,6.655437855e-06,5.276724225e-07
572.483,2.23408928,-0.3048688846,-32.10056656,3.928213327,0.3600547681,,73.95962628,1.092000833e-06,6.664795609e-06,5.285053262e-07
572.583,2.234089294,-0.3048693367,-32.10056633,3.928213436,0.3600554348,,73.95962634,1.096963861e-06,6.660266059e-06,5.2846118e-07
572.683,2.234089371,-0.3048696548,-32.10056635,3.928213546,0.3600561017,,73.95962639,1.09260296e-06,6.681633101e-06,5.302682012e-07
572.783,2.234346697,-0.3049097233,-32.10055751,3.928213157,0.3600566769,,73.95962643,-6.194083077e-05,-3.992667081e-06,-6.364093916e-07
572.883,2.235313459,-0.3050515836,-32.1004987,3.928175586,0.3600512,,73.95962581,-0.0009464761977,-0.0001432975246,-1.613326518e-05
572.983,2.236098215,-0.3051357223,-32.10042878,3.928000935,0.360025441,,73.95962288,-0.002863811151,-0.0004113175828,-4.706879899e-05
573.083,2.236252525,-0.3051542376,-32.10065382,3.927597285,0.3599688571,,73.95961636,-0.00549838856,-0.0007572165157,-8.781791125e-05
573.183,2.236105663,-0.3050652451,-32.10047086,3.92691481,0.3598762136,,73.95960557,-0.008414861166,-0.001128616626,-0.0001320156264
573.283,2.235417078,-0.3049422195,-32.1002592,3.925940429,0.3597502356,,73.95959065,-0.01128130053,-0.001420816107,-0.0001697411263
573.383,2.234554171,-0.3048580461,-32.10021144,3.924686741,0.3595913104,,73.95957171,-0.01396194864,-0.001739242607,-0.0002085356261
573.483,2.233208196,-0.3048095095,-32.10087863,3.923181538,0.3594004035,,73.95954896,-0.01625889755,-0.00208970902,-0.0002478147662
573.583,2.232062027,-0.3045180472,-32.10039801,3.921463683,0.3591795685,,73.95952278,-0.01819069921,-0.002304152349,-0.0002745503928
573.683,2.230575699,-0.3044767839,-32.10090975,3.919570763,0.3589374018,,73.95949403,-0.01972330222,-0.002545263165,-0.0003012658619
573.783,2.229124339,-0.3042894178,-32.10107802,3.917543884,0.3586749472,,73.959463,-0.02084804661,-0.002712204772,-0.0003200532944
573.883,2.227480961,-0.3041075053,-32.10105468,3.915420494,0.3583977325,,73.95943033,-0.02162267765,-0.002814606885,-0.0003319667484
573.983,2.226115247,-0.303891345,-32.10104378,3.913235882,0.3581120186,,73.9593967,-0.02206881795,-0.002895472873,-0.0003404881868
574.083,2.224668873,-0.3035490407,-32.10107483,3.911019871,0.3578198475,,73.9593624,-0.02223612889,-0.002919431789,-0.0003431208162
574.183,2.223165037,-0.3034812092,-32.10135746,3.908798015,0.3575255761,,73.95932792,-0.0221580419,-0.002955400957,-0.0003454011287
574.283,2.22174525,-0.3032726631,-32.10143625,3.906593658,0.3572306534,,73.9592935,-0.0218732783,-0.002934560828,-0.0003421862092
574.383,2.220361485,-0.303081794,-32.10137544,3.904426167,0.3569395855,,73.95925957,-0.02141054377,-0.002877111788,-0.0003351990724
574.483,2.219083016,-0.3029209099,-32.10160956,3.902311624,0.3566549946,,73.95922644,-0.0208128173,-0.002813382027,-0.0003270308253
574.583,2.217848424,-0.3027578512,-32.1017255,3.900262078,0.3563777748,,73.95919423,-0.02010502513,-0.00272800996,-0.0003166146777
574.683,2.216586592,-0.3024073061,-32.10146954,3.898287102,0.3561091819,,73.95916308,-0.01931151144,-0.002616422536,-0.0003037244755
574.783,2.21555338,-0.302434494,-32.1018637,3.896394348,0.3558513502,,73.95913321,-0.01846407443,-0.002524393148,-0.0002920848953
574.883,2.21456414,-0.302190394,-32.10207463,3.894588187,0.3556049324,,73.95910468,-0.01758905014,-0.002368851238,-0.000275381603
574.983,2.213518054,-0.3021897258,-32.10202726,3.892871741,0.3553726491,,73.95907773,-0.01665812472,-0.002290016719,-0.0002643505836
575.083,2.212683138,-0.3018632318,-32.10238396,3.891248485,0.3551485432,,73.9590519,-0.015734825,-0.00216283033,-0.0002496191493
575.183,2.211741844,-0.3019609814,-32.10217659,3.889716521,0.3549392597,,73.9590277,-0.01481898334,-0.002042057079,-0.0002354321967
575.283,2.210936483,-0.3018277187,-32.10217407,3.888276377,0.3547410289,,73.95900484,-0.01390370406,-0.001932457383,-0.0002221249258
575.383,2.210184068,-0.3017554874,-32.1021122,3.886927021,0.3545539366,,73.95898332,-0.01301559984,-0.001802365452,-0.0002073782365
575.483,2.209559873,-0.3015255781,-32.10225744,3.885665577,0.3543786142,,73.95896317,-0.01216064452,-0.001655956383,-0.0001915496401
575.592,2.208874623,-0.3015688229,-32.10234906,3.884487399,0.3542180303,,73.9589446,-0.01132348178,-0.001581837146,-0.0001814211402
575.7,2.208277897,-0.3013227546,-32.10249662,3.88321841,0.354040535,,73.95892426,-0.01039282313,-0.001429896675,-0.0001647815807
575.8,2.207682683,-0.3013553838,-32.10242059,3.882214248,0.3539001102,,73.95890816,-0.009631313501,-0.001365794885,-0.000155834008
575.875,2.207345918,-0.3012419995,-32.10242591,3.881509563,0.3538016284,,73.95889687,-0.009112937827,-0.001236577371,-0.0001431160267
575.975,2.206805945,-0.3013458066,-32.10236416,3.880629234,0.3536827073,,73.95888309,-0.008428792394,-0.001172779985,-0.0001346023438
576.092,2.206360627,-0.3011614326,-32.10251703,3.879688749,0.3535487013,,73.95886783,-0.007653660112,-0.001102411756,-0.0001251101136
576.2,2.205911184,-0.301224196,-32.10223968,3.878891933,0.3534360554,,73.95885497,-0.007022805598,-0.0009638293153,-0.0001110887569
576.3,2.205638317,-0.3009479953,-32.10251926,3.878216489,0.353340459,,73.95884406,-0.006457788976,-0.000897126603,-0.0001029825697
576.375,2.205363282,-0.301036621,-32.10259403,3.877745614,0.353274095,,73.95883648,-0.006055054079,-0.0008695531549,-9.874774827e-05
576.475,2.205074047,-0.3009742018,-32.1026076,3.877163351,0.3531901432,,73.95882696,-0.005555845486,-0.0008020261628,-9.092080272e-05
576.575,2.204750322,-0.3010812642,-32.1023116,3.876627921,0.3531160856,,73.95881845,-0.005121428481,-0.0006869808246,-7.975399106e-05
576.675,2.204579312,-0.3008363879,-32.10261131,3.876136539,0.3530474436,,73.95881058,-0.004691608155,-0.0006308833933,-7.317712137e-05
576.783,2.204284643,-0.3009165014,-32.10264911,3.875649731,0.3529814897,,73.95880295,-0.00425321814,-0.0006144393983,-6.962421594e-05
576.883,2.204102075,-0.3008400601,-32.10267752,3.875242103,0.3529216644,,73.95879621,-0.00387581734,-0.0005729873511,-6.445365784e-05
576.983,2.20392348,-0.300809753,-32.10268977,3.874870274,0.3528667853,,73.95879003,-0.00353817556,-0.0005205216163,-5.863807898e-05
577.1,2.203706728,-0.3007178124,-32.10267155,3.874504177,0.3528141727,,73.95878406,-0.003187842625,-0.0004173062107,-4.883104537e-05
577.2,2.204575547,-0.3010247364,-32.10279577,3.874172612,0.3527701942,,73.95877894,-0.003018858625,-0.0003947986113,-4.621046099e-05
577.275,2.209096478,-0.3018923732,-32.1024511,3.873860379,0.3527179212,,73.95877327,-0.006241814854,-0.001179022983,-0.0001236010119
577.375,2.209724434,-0.30163046,-32.10235497,3.872921522,0.3525469952,,73.95875518,-0.01325786865,-0.002297479917,-0.0002464940626
577.483,2.207429903,-0.3009823501,-32.10213113,3.871118286,0.3522504773,,73.9587229,-0.02030556567,-0.003174765793,-0.000350820101
577.592,2.204455456,-0.3007526104,-32.10270477,3.868641331,0.3518749591,,73.95868102,-0.0254839246,-0.003762320206,-0.0004229474795
577.692,2.201559667,-0.3003615933,-32.10283528,3.865942037,0.3514821682,,73.95863667,-0.02850755418,-0.004105689683,-0.0004649733018
577.792,2.198903019,-0.3000309252,-32.10312467,3.863000406,0.3510633338,,73.95858908,-0.03028990722,-0.00428896228,-0.0004881541756
577.892,2.196424729,-0.2995571112,-32.10298198,3.859928534,0.3506300841,,73.95853972,-0.03106946594,-0.004334005012,-0.0004954528059
577.992,2.194089381,-0.2992371348,-32.10344413,3.856817176,0.3501963633,,73.95849013,-0.03105739965,-0.0043201774,-0.0004940899304
578.092,2.191714446,-0.2989986908,-32.10377294,3.853735062,0.3497689002,,73.95844121,-0.03044851931,-0.004218731584,-0.0004828805036
578.192,2.189668196,-0.2987575594,-32.10367397,3.850736446,0.3493495733,,73.95839337,-0.02936352165,-0.004124595971,-0.00046978281
578.292,2.18776246,-0.2984902929,-32.10380098,3.847864653,0.3489464891,,73.95834746,-0.0279095666,-0.003918691412,-0.0004461968268
578.392,2.185980936,-0.2983086297,-32.10355139,3.845149149,0.348566385,,73.95830415,-0.02622087156,-0.003659668924,-0.0004173409117
578.492,2.184483549,-0.2980678562,-32.10417629,3.842614468,0.3482117479,,73.95826375,-0.02430313452,-0.003406780615,-0.0003878025356
578.592,2.18293489,-0.2979269225,-32.10379544,3.840276105,0.3478848883,,73.95822651,-0.02226429244,-0.003101222516,-0.0003536197431
578.692,2.181817999,-0.2976628324,-32.10422059,3.838143596,0.3475860399,,73.95819251,-0.02020611093,-0.002846680847,-0.0003232997273
578.792,2.180742355,-0.2975001117,-32.10444889,3.836218699,0.3473148985,,73.95816172,-0.01811840906,-0.002547984622,-0.0002894589536
578.892,2.179859798,-0.2974517387,-32.1046261,3.834503966,0.3470747622,,73.9581344,-0.01600867179,-0.002245934058,-0.0002552765879
578.992,2.179015089,-0.2971837878,-32.10431473,3.832994201,0.3468632062,,73.95811035,-0.01403071255,-0.001942869178,-0.0002217295817
579.075,2.178435052,-0.2971933731,-32.1043945,3.831887216,0.3467081353,,73.95809272,-0.0123898374,-0.001755857463,-0.0001988411821
579.175,2.177799577,-0.2969241826,-32.10418041,3.830734724,0.3465448437,,73.95807423,-0.01052051737,-0.00148190774,-0.0001681224601
579.275,2.177350531,-0.297042626,-32.10450173,3.829764295,0.3464080048,,73.95805872,-0.008754959624,-0.001251444771,-0.0001412801999
579.375,2.177099058,-0.297018674,-32.1045119,3.828963554,0.3462959247,,73.95804598,-0.007152114392,-0.001018541811,-0.0001151113601
579.475,2.176843147,-0.2969495421,-32.104568,3.828317191,0.3462032697,,73.95803553,-0.005676141789,-0.0008160537256,-9.193824499e-05
579.575,2.17666208,-0.296922355,-32.10457859,3.827812843,0.3461307481,,73.95802736,-0.004317314375,-0.0006208904504,-6.993846468e-05
579.675,2.176563794,-0.2969088026,-32.10458594,3.827438742,0.346076917,,73.9580213,-0.003083159986,-0.0004442054858,-5.000159988e-05
579.775,2.176533228,-0.2969047433,-32.10458866,3.827182127,0.3460398737,,73.95801713,-0.001978556603,-0.0002866810804,-3.220847821e-05
579.875,2.17655905,-0.296908198,-32.10458759,3.827030071,0.3460177256,,73.95801465,-0.001002074472,-0.0001477072887,-1.650454781e-05
579.975,2.1766223,-0.2969359483,-32.10457803,3.826969171,0.3460102087,,73.95801376,-0.0001533340087,-2.507878042e-05,-2.71338986e-06
580.075,2.176740971,-0.2969351921,-32.10457695,3.826988768,0.3460122887,,73.95801402,0.0005872243281,7.453581108e-05,8.7542841e-06
580.175,2.176886994,-0.296953767,-32.10456795,3.827077126,0.346023962,,73.95801537,0.001214297153,0.0001640989306,1.886405288e-05
580.275,2.177057285,-0.2969773697,-32.10455655,3.827223378,0.3460439435,,73.95801766,0.001738048343,0.0002395014255,2.735424047e-05
580.375,2.177246837,-0.2970039014,-32.10454364,3.82741761,0.3460708371,,73.95802072,0.002167482588,0.0003013873447,3.432093493e-05
580.475,2.177451015,-0.2970325519,-32.1045301,3.827650784,0.3461033438,,73.95802442,0.002511115249,0.0003509393461,3.989878551e-05
580.575,2.177673074,-0.2970628385,-32.1045154,3.827914254,0.3461402839,,73.95802862,0.002766303558,0.000389304898,4.41618463e-05
580.675,2.177885051,-0.2970938306,-32.10450072,3.828200242,0.3461805954,,73.95803319,0.002959966989,0.0004177357714,4.734548296e-05
580.775,2.178105624,-0.2971252176,-32.10448603,3.828502945,0.3462233339,,73.95803803,0.003096141909,0.0004372914826,4.955164291e-05
580.875,2.178328042,-0.2971567284,-32.10447023,3.828816757,0.3462676596,,73.95804306,0.003178493774,0.0004489978364,5.087769997e-05
580.975,2.178548689,-0.2971878816,-32.10445539,3.829136547,0.346312835,,73.95804817,0.003212708379,0.0004538622895,5.143018226e-05
581.075,2.178668096,-0.2972223189,-32.10466379,3.829457784,0.3463582191,,73.95805332,0.003215271856,0.0004524718669,5.133879084e-05
581.175,2.178995554,-0.2972476552,-32.10442216,3.829778705,0.3464032606,,73.95805843,0.003171228601,0.0004467886224,5.06780668e-05
581.275,2.179086251,-0.2972802194,-32.10463592,3.830092003,0.3464474925,,73.95806344,0.003095680846,0.0004359987038,4.946122385e-05
581.375,2.179391044,-0.2973030793,-32.1043954,3.830398165,0.3464905168,,73.95806833,0.002993335603,0.0004225105738,4.789980116e-05
581.475,2.179556884,-0.2973288462,-32.10438718,3.830691511,0.3465320165,,73.95807303,0.002862253056,0.0004056664124,4.59311957e-05
581.575,2.179722003,-0.2973528783,-32.10437606,3.830971517,0.3465717258,,73.95807752,0.002725002853,0.0003866200819,4.37616646e-05
581.675,2.179879854,-0.2973755459,-32.1043651,3.831237388,0.3466094479,,73.95808179,0.002578775983,0.0003658389997,4.141235684e-05
581.775,2.180032098,-0.2973964303,-32.10435455,3.831487526,0.3466450288,,73.95808582,0.002412173215,0.0003437868485,3.885966612e-05
581.875,2.180162521,-0.297415682,-32.10434551,3.831721348,0.3466783646,,73.95808958,0.002251014077,0.000320930009,3.627326578e-05
581.975,2.180285997,-0.2974334244,-32.10433611,3.831939062,0.3467093927,,73.95809309,0.002089662627,0.0002976455657,3.365282716e-05
582.075,2.180400024,-0.297449567,-32.10432875,3.832140604,0.3467380835,,73.95809634,0.001927656982,0.0002742285316,3.102046449e-05
582.175,2.180503511,-0.2974640737,-32.10432201,3.832325957,0.3467644385,,73.95809932,0.001766169063,0.0002509738698,2.840094823e-05
582.275,2.180596543,-0.2974773279,-32.10431492,3.832495245,0.3467884831,,73.95810204,0.001606786597,0.0002280953799,2.582089216e-05
582.375,2.180714687,-0.2974896993,-32.10431344,3.832651644,0.3468102642,,73.95810452,0.001471473365,0.0002060127925,2.342624019e-05
582.475,2.180766075,-0.2974993336,-32.10430346,3.832790644,0.3468298623,,73.95810674,0.001299008165,0.0001843346781,2.087045875e-05
582.575,2.180820639,-0.2975082664,-32.10429994,3.83291351,0.3468473433,,73.95810872,0.001148323463,0.0001637274113,1.85092144e-05
582.675,2.180837386,-0.2975156352,-32.104292,3.833024905,0.346862796,,73.95811048,0.001073739237,0.0001441324538,1.662019097e-05
582.775,2.180950875,-0.2975229162,-32.10429241,3.833123076,0.3468763719,,73.95811203,0.0008876999783,0.0001256929834,1.424332949e-05
582.875,2.180983022,-0.2975282825,-32.10428828,3.833205302,0.3468881316,,73.95811336,0.000746744322,0.0001082569214,1.21754341e-05
582.975,2.180996172,-0.2975328136,-32.10428809,3.833274025,0.3468982042,,73.95811449,0.0006223109507,9.206430166e-05,1.028799289e-05
583.075,2.181014481,-0.2975365805,-32.10428695,3.833331416,0.3469067135,,73.95811544,0.0005194102951,7.709290098e-05,8.605964227e-06
583.175,2.181032751,-0.2975395259,-32.10428525,3.833379101,0.3469137827,,73.95811623,0.000428225388,6.333408232e-05,7.079547093e-06
583.275,2.181048088,-0.2975417876,-32.10428332,3.833418059,0.3469195305,,73.95811687,0.0003452430774,5.076120814e-05,5.684001259e-06
583.375,2.181059502,-0.2975432759,-32.10428204,3.833449048,0.346924075,,73.95811738,0.0002693552426,3.935438608e-05,4.416255839e-06
583.475,2.181066931,-0.297544224,-32.104282,3.833472762,0.3469275304,,73.95811777,0.0002002832898,2.908795885e-05,3.267953851e-06
583.575,2.181070691,-0.2975446396,-32.10428184,3.833489878,0.3469300091,,73.95811805,0.0001379456107,1.990357279e-05,2.238533423e-06
583.675,2.181071124,-0.2975446357,-32.1042814,3.833501066,0.346931618,,73.95811823,8.226998657e-05,1.177083259e-05,1.327639803e-06
583.775,2.181068807,-0.2975442362,-32.10428141,3.833506987,0.3469324595,,73.95811833,3.310555078e-05,4.632456888e-06,5.247859865e-07
583.875,2.181064058,-0.2975435902,-32.10428091,3.833508279,0.3469326304,,73.95811835,-9.816699113e-06,-1.579779762e-06,-1.745768928e-07
583.975,2.181057449,-0.2975425571,-32.10428198,3.833505556,0.3469322215,,73.9581183,-4.676931102e-05,-6.897484936e-06,-7.741723499e-07
584.075,2.181062631,-0.2975414908,-32.10428141,3.833499253,0.3469313179,,73.9581182,-8.567597232e-05,-1.143433113e-05,-1.322296486e-06
584.175,2.181040553,-0.2975400402,-32.10428324,3.833489083,0.3469299948,,73.95811804,-0.0001176885418,-1.520635024e-05,-1.77744883e-06
584.275,2.181025826,-0.2975384553,-32.10428428,3.833476313,0.3469283287,,73.95811785,-0.0001380900921,-1.826688234e-05,-2.117977808e-06
584.375,2.181013184,-0.2975369085,-32.10428532,3.833461812,0.3469263869,,73.95811763,-0.0001523183385,-2.068206707e-05,-2.376909392e-06
584.475,2.181001261,-0.2975351695,-32.10428591,3.833446083,0.3469242297,,73.95811738,-0.0001625618496,-2.253569546e-05,-2.572273324e-06
584.575,2.180989348,-0.2975334402,-32.10428652,3.833429475,0.3469219116,,73.95811711,-0.0001697265534,-2.386064101e-05,-2.710941964e-06
584.675,2.180977412,-0.2975317334,-32.10428744,3.833412276,0.346919481,,73.95811684,-0.0001742128397,-2.475594453e-05,-2.802921172e-06
584.775,2.18096557,-0.2975298859,-32.10428831,3.833394739,0.3469169818,,73.95811656,-0.0001763270771,-2.521670214e-05,-2.849050319e-06
584.875,2.180953743,-0.2975282046,-32.10428889,3.83337709,0.3469144518,,73.95811627,-0.0001763072064,-2.534281825e-05,-2.860172545e-06
584.975,2.180942352,-0.2975266186,-32.10429036,3.833359533,0.3469119238,,73.95811598,-0.0001743728824,-2.516132706e-05,-2.834677916e-06
585.075,2.180931172,-0.2975249229,-32.10429067,3.833342248,0.346909427,,73.9581157,-0.0001707751022,-2.470323476e-05,-2.782574e-06
585.175,2.180920461,-0.2975233917,-32.1042913,3.83332539,0.3469069861,,73.95811543,-0.000165748701,-2.403198985e-05,-2.704935826e-06
585.275,2.180918587,-0.29752185,-32.10429093,3.833308735,0.3469046194,,73.95811516,-0.0001697039837,-2.32113748e-05,-2.662156938e-06
585.375,2.180900119,-0.2975206039,-32.10429336,3.833291866,0.3469023431,,73.9581149,-0.0001658379156,-2.222500775e-05,-2.56671266e-06
585.475,2.180887826,-0.2975192429,-32.10429341,3.833275699,0.346900171,,73.95811465,-0.0001561955626,-2.111062454e-05,-2.430838578e-06
585.575,2.180878595,-0.2975179863,-32.10429382,3.833260593,0.3468981156,,73.95811441,-0.0001448558579,-1.98877072e-05,-2.278057389e-06
585.675,2.180870841,-0.2975169019,-32.10429412,3.833246637,0.3468961849,,73.95811419,-0.0001333256988,-1.862679189e-05,-2.121423166e-06
585.775,2.180863923,-0.2975157794,-32.10429516,3.833233824,0.3468943814,,73.95811399,-0.0001220718332,-1.731786086e-05,-1.962540981e-06
585.875,2.180857755,-0.2975148776,-32.10429574,3.833222116,0.3468927101,,73.9581138,-0.000111261214,-1.599414383e-05,-1.804872417e-06
585.975,2.18085219,-0.2975139428,-32.1042961,3.833211468,0.3468911708,,73.95811362,-0.0001008963256,-1.467108202e-05,-1.649421831e-06
586.075,2.180847092,-0.2975132536,-32.10429655,3.833201837,0.3468897644,,73.95811347,-9.096265999e-05,-1.336054572e-05,-1.497542655e-06
586.175,2.180842585,-0.2975125151,-32.10429638,3.83319318,0.3468884865,,73.95811332,-8.146084635e-05,-1.208470847e-05,-1.350243356e-06
586.275,2.180838658,-0.297511887,-32.10429728,3.833185453,0.3468873351,,73.95811319,-7.238899112e-05,-1.08460354e-05,-1.209626793e-06
586.383,2.180834894,-0.2975112576,-32.10429768,3.833178082,0.346886225,,73.95811307,-6.306860757e-05,-9.548864768e-06,-1.061044249e-06
586.483,2.180836338,-0.2975108477,-32.10429729,3.833171425,0.3468853197,,73.95811297,-6.723274873e-05,-8.454599526e-06,-9.984773391e-07
586.583,2.180827407,-0.2975104379,-32.10429797,3.833164965,0.3468845229,,73.95811287,-6.055824941e-05,-7.395865537e-06,-8.821968745e-07
586.683,2.18082314,-0.2975101501,-32.10429818,3.833159335,0.3468838305,,73.95811279,-5.111629786e-05,-6.385489216e-06,-7.555037059e-07
586.783,2.180821029,-0.2975098348,-32.10429822,3.833154661,0.3468832363,,73.95811272,-4.167104146e-05,-5.433085365e-06,-6.334653864e-07
586.883,2.180819802,-0.2975096881,-32.10429838,3.833150895,0.3468827337,,73.95811266,-3.311574643e-05,-4.553164711e-06,-5.218920915e-07
586.983,2.180819055,-0.2975094872,-32.10429859,3.833147935,0.3468823161,,73.95811261,-2.56412563e-05,-3.745467513e-06,-4.205230497e-07
587.083,2.180818594,-0.2975093753,-32.10429776,3.833145675,0.346881976,,73.95811258,-1.916527659e-05,-3.011871128e-06,-3.305983535e-07
587.183,2.180818439,-0.2975093046,-32.10429874,3.833144023,0.3468817066,,73.95811255,-1.356414729e-05,-2.339216948e-06,-2.502291365e-07
587.283,2.180818425,-0.2975091146,-32.10429846,3.833142895,0.3468815002,,73.95811253,-8.699893215e-06,-1.740782384e-06,-1.779236831e-07
587.383,2.180818598,-0.2975091148,-32.10429844,3.833142222,0.3468813514,,73.95811251,-4.506902649e-06,-1.200394702e-06,-1.147401169e-07
587.483,2.180818926,-0.297509183,-32.10429873,3.833141942,0.3468812531,,73.9581125,-8.737911826e-07,-7.302572705e-07,-6.041617876e-08
587.583,2.180836437,-0.2975091643,-32.10429642,3.833141955,0.3468811992,,73.9581125,-2.856910334e-06,-3.244499024e-07,-3.98751345e-08
587.683,2.180822088,-0.2975091251,-32.10429775,3.833141312,0.3468811824,,73.95811249,-8.194899917e-06,2.061963825e-08,-3.960425662e-08
587.783,2.180817689,-0.2975093493,-32.10429916,3.833140578,0.3468811996,,73.95811249,-5.641291202e-06,3.341866364e-07,-3.368598558e-09
587.883,2.180816894,-0.2975092663,-32.10429829,3.833140215,0.346881246,,73.95811249,-1.179697967e-06,6.037634236e-07,4.160935852e-08
587.983,2.180817389,-0.2975093945,-32.10429833,3.833140298,0.3468813173,,73.9581125,3.11705946e-06,8.342515464e-07,8.12484831e-08
588.083,2.180818403,-0.297509542,-32.10429855,3.833140778,0.3468814102,,73.95811251,6.637237238e-06,1.020467867e-06,1.134150717e-07
588.183,2.180819579,-0.2975095699,-32.10429867,3.833141572,0.3468815194,,73.95811252,9.341077914e-06,1.170314224e-06,1.390383531e-07
588.283,2.180820793,-0.2975097082,-32.10429819,3.833142602,0.3468816414,,73.95811254,1.129172256e-05,1.281366072e-06,1.57147918e-07
588.383,2.180821952,-0.297509866,-32.10429868,3.833143798,0.3468817731,,73.95811255,1.267191048e-05,1.358020855e-06,1.701698487e-07
588.483,2.180823014,-0.297509889,-32.10429818,3.833145111,0.3468819114,,73.95811257,1.359378091e-05,1.413256049e-06,1.794728749e-07
588.583,2.180824123,-0.2975100512,-32.10429847,3.833146499,0.3468820541,,73.95811259,1.417160137e-05,1.443803238e-06,1.84396715e-07
588.683,2.18082509,-0.2975100843,-32.10429795,3.833147931,0.346882199,,73.95811261,1.447121437e-05,1.4520333e-06,1.871235095e-07
588.783,2.180836773,-0.2975102549,-32.10429742,3.833149177,0.3468823431,,73.95811262,5.972320608e-06,1.404848967e-06,1.396393833e-07
588.883,2.180827339,-0.2975102209,-32.10429743,3.833149465,0.3468824822,,73.95811264,9.948219084e-07,1.382388872e-06,1.117021029e-07
588.983,2.180824453,-0.2975103734,-32.10429787,3.833149584,0.3468826189,,73.95811265,1.971695342e-06,1.362498557e-06,1.145766527e-07
589.083,2.180824164,-0.2975104586,-32.10429803,3.833149889,0.3468827532,,73.95811266,4.383832716e-06,1.312605363e-06,1.238953154e-07
589.183,2.180824913,-0.2975105269,-32.10429805,3.833150435,0.3468828823,,73.95811267,6.632268684e-06,1.262300479e-06,1.316896493e-07
589.283,2.180825912,-0.2975106392,-32.10429847,3.83315118,0.3468830055,,73.95811269,8.28751734e-06,1.192644294e-06,1.347136329e-07
589.383,2.180826938,-0.2975106323,-32.10429833,3.833152061,0.3468831221,,73.9581127,9.343477418e-06,1.133398547e-06,1.359720864e-07
589.483,2.180827776,-0.2975107237,-32.10429772,3.833153026,0.3468832316,,73.95811271,9.918248565e-06,1.053076627e-06,1.326847812e-07
589.583,2.180828707,-0.2975108458,-32.10429831,3.83315403,0.3468833343,,73.95811273,1.013417236e-05,9.83813044e-07,1.281129446e-07
589.683,2.180829377,-0.2975109153,-32.10429775,3.833155043,0.3468834299,,73.95811274,1.009565161e-05,9.161797214e-07,1.223058282e-07
589.8,2.180830184,-0.2975109621,-32.10429766,3.833156128,0.3468835244,,73.95811275,9.878561913e-06,8.317542462e-07,1.147099982e-07
589.9,2.180830815,-0.2975109207,-32.10429781,3.833157181,0.3468836103,,73.95811276,9.530130764e-06,7.482913246e-07,1.070941575e-07
589.975,2.180839608,-0.2975110074,-32.10429701,3.833157529,0.3468836632,,73.95811277,-9.500419499e-07,6.517884198e-07,4.573963355e-08
590.075,2.180831227,-0.2975110411,-32.10429735,3.833157193,0.3468837243,,73.95811277,-4.704295709e-06,5.760876866e-07,1.936307628e-08
590.175,2.180828431,-0.2975110432,-32.10429783,3.83315676,0.3468837798,,73.95811277,-3.472991598e-06,5.220110543e-07,2.271821945e-08
590.275,2.180828066,-0.2975111237,-32.10429795,3.833156518,0.3468838294,,73.95811278,-1.142527201e-06,4.622153257e-07,2.934556304e-08
590.375,2.180828413,-0.2975111966,-32.1042979,3.833156505,0.3468838734,,73.95811278,9.849422252e-07,3.995294002e-07,3.514891059e-08
590.475,2.180829037,-0.2975111314,-32.10429828,3.833156683,0.3468839119,,73.95811278,2.600203058e-06,3.617414964e-07,4.086526378e-08
590.575,2.180829664,-0.297511108,-32.10429785,3.833156995,0.3468839449,,73.95811279,3.671106918e-06,2.999753145e-07,4.224947137e-08
590.675,2.1808302,-0.2975111762,-32.1042976,3.833157396,0.3468839726,,73.95811279,4.331258804e-06,2.585070727e-07,4.203610292e-08
590.775,2.180830621,-0.2975111785,-32.10429755,3.833157848,0.3468839958,,73.9581128,4.705269203e-06,2.159803046e-07,3.962537416e-08
590.875,2.180831064,-0.2975112077,-32.10429765,3.833158327,0.3468840147,,73.9581128,4.868972677e-06,1.447299932e-07,3.6458521e-08
590.975,2.180831441,-0.2975111008,-32.10429782,3.833158817,0.3468840278,,73.9581128,4.91855521e-06,1.142147531e-07,3.543549926e-08
591.075,2.180831825,-0.2975111632,-32.10429782,3.833159308,0.3468840385,,73.95811281,4.880394088e-06,9.368318352e-08,3.229523997e-08
591.175,2.180837643,-0.2975111786,-32.10429776,3.833159164,0.3468840441,,73.95811281,-7.086024328e-06,1.420788249e-08,-3.533853155e-08
591.275,2.180830603,-0.2975112781,-32.10429765,3.83315833,0.346884045,,73.9581128,-8.697761022e-06,-7.64821418e-10,-4.614485494e-08
591.375,2.180828456,-0.2975111306,-32.10429784,3.83315754,0.346884044,,73.9581128,-6.662692239e-06,-2.625789709e-08,-3.602263889e-08
591.475,2.180828111,-0.2975110857,-32.10429791,3.833156996,0.3468840412,,73.9581128,-4.002174972e-06,-3.895853875e-08,-2.209981189e-08
591.575,2.180828359,-0.2975111329,-32.10429816,3.833156706,0.3468840367,,73.95811279,-1.684208023e-06,-5.438140349e-08,-1.260025077e-08
591.675,2.180828923,-0.2975110574,-32.10429818,3.833156623,0.3468840312,,73.95811279,7.658501898e-08,-6.389523484e-08,-3.836747934e-09
591.775,2.180829289,-0.2975112147,-32.10429777,3.833156692,0.3468840246,,73.95811279,1.330694593e-06,-7.706918838e-08,-2.780950756e-10
591.875,2.180829698,-0.2975112101,-32.10429795,3.833156868,0.3468840165,,73.95811279,2.19670713e-06,-7.721451951e-08,4.820033447e-09
591.975,2.180830123,-0.2975111798,-32.1042981,3.833157116,0.3468840079,,73.95811279,2.768976864e-06,-8.859759192e-08,6.339416941e-09
592.075,2.18083035,-0.2975111174,-32.10429716,3.833157412,0.3468839989,,73.95811279,3.154273127e-06,-9.681483672e-08,8.87105338e-09
592.175,2.180830617,-0.29751102,-32.10429718,3.83315774,0.3468839891,,73.9581128,3.409801721e-06,-9.947813322e-08,1.060107519e-08
592.275,2.18084524,-0.297511191,-32.10429649,3.833158074,0.3468839794,,73.9581128,-2.6553657e-07,-1.102191022e-07,-8.957660633e-09
592.375,2.180833989,-0.2975111421,-32.10429732,3.833157518,0.3468839662,,73.95811279,-9.223923994e-06,-1.417060209e-07,-5.918248304e-08
592.475,2.180828665,-0.2975110972,-32.10429702,3.833156556,0.3468839525,,73.95811279,-9.240738036e-06,-1.388572187e-07,-5.831098363e-08
592.575,2.180827112,-0.2975110618,-32.10429724,3.83315574,0.3468839392,,73.95811278,-6.706874972e-06,-1.24779692e-07,-4.445376283e-08
592.675,2.180827062,-0.2975110232,-32.10429816,3.8331552,0.3468839264,,73.95811278,-3.908687177e-06,-1.270189869e-07,-2.832507206e-08
592.775,2.180827405,-0.2975111246,-32.10429797,3.83315492,0.3468839144,,73.95811278,-1.595903612e-06,-1.217947257e-07,-1.857778581e-08
592.875,2.180827831,-0.297511141,-32.10429789,3.833154845,0.3468839027,,73.95811277,1.552704266e-07,-1.168352994e-07,-8.57598866e-09
592.975,2.18082831,-0.2975110726,-32.10429821,3.833154921,0.346883892,,73.95811277,1.399644011e-06,-9.979062736e-08,-1.104536179e-09
593.092,2.180828701,-0.2975110488,-32.10429764,3.833155143,0.346883881,,73.95811277,2.40779254e-06,-9.27562171e-08,5.478149809e-09
593.192,2.180829071,-0.2975110363,-32.10429745,3.833155412,0.3468838716,,73.95811278,2.973854554e-06,-8.822724151e-08,8.585844163e-09
593.292,2.180829463,-0.2975110383,-32.10429763,3.833155728,0.3468838631,,73.95811278,3.368534258e-06,-7.988471623e-08,1.062634083e-08
593.392,2.180829754,-0.2975110105,-32.10429765,3.833156079,0.3468838552,,73.95811278,3.647084164e-06,-7.46408663e-08,1.343014764e-08
593.492,2.180840209,-0.2975111825,-32.10429688,3.833156174,0.3468838465,,73.95811278,-5.568766154e-06,-1.094706005e-07,-3.84500992e-08
593.592,2.180830051,-0.2975110321,-32.10429715,3.833155357,0.3468838359,,73.95811277,-9.564247398e-06,-1.059114292e-07,-5.764902745e-08
593.692,2.180826765,-0.2975109464,-32.10429774,3.833154449,0.3468838258,,73.95811277,-8.024976672e-06,-9.057387781e-08,-4.823523591e-08
593.792,2.180826037,-0.2975110052,-32.10429771,3.833153774,0.3468838172,,73.95811276,-5.204106266e-06,-8.106604184e-08,-3.299973249e-08
593.892,2.180826248,-0.2975109679,-32.10429866,3.833153378,0.3468838094,,73.95811276,-2.5559895e-06,-7.724294111e-08,-1.843451155e-08
593.992,2.180826692,-0.2975109398,-32.10429851,3.833153223,0.3468838024,,73.95811276,-4.620642405e-07,-6.667080132e-08,-6.472690982e-09
594.092,2.180827064,-0.2975109922,-32.10429731,3.833153252,0.3468837968,,73.95811276,1.076194351e-06,-5.093079554e-08,1.798007258e-09
594.192,2.180827629,-0.2975109606,-32.10429813,3.833153413,0.346883792,,73.95811276,2.169426866e-06,-4.927714586e-08,8.48423142e-09
594.292,2.18082802,-0.2975109498,-32.10429785,3.833153666,0.3468837879,,73.95811276,2.913551812e-06,-4.563904895e-08,1.242444739e-08
594.392,2.180828279,-0.2975109101,-32.10429723,3.833153982,0.3468837837,,73.95811276,3.421718093e-06,-4.231139159e-08,1.506454768e-08
594.492,2.180828657,-0.297510964,-32.10429743,3.833154341,0.3468837796,,73.95811276,3.774948111e-06,-3.247548634e-08,1.733068985e-08
594.592,2.180828971,-0.2975109987,-32.10429785,3.83315473,0.3468837763,,73.95811276,4.018512797e-06,-3.471479433e-08,1.833716923e-08
594.692,2.180835503,-0.2975109951,-32.10429746,3.833154607,0.3468837715,,73.95811276,-7.23003314e-06,-5.733196151e-08,-4.196630977e-08
594.792,2.180828137,-0.2975108882,-32.10429767,3.833153739,0.3468837652,,73.95811276,-9.171710125e-06,-6.190343096e-08,-5.158180129e-08
594.892,2.180825707,-0.2975109358,-32.10429761,3.833152902,0.3468837593,,73.95811275,-7.085039725e-06,-5.226878846e-08,-3.979552116e-08
594.992,2.180825292,-0.2975110459,-32.10429799,3.833152324,0.3468837548,,73.95811275,-4.24877514e-06,-4.66467326e-08,-2.636292663e-08
595.092,2.180825638,-0.2975109994,-32.10429812,3.833152018,0.3468837509,,73.95811275,-1.746184561e-06,-4.072003279e-08,-1.23778885e-08
595.192,2.180826056,-0.2975109326,-32.10429772,3.833151937,0.3468837471,,73.95811275,1.848881241e-07,-2.666877556e-08,-6.540187097e-10
595.292,2.180826594,-0.2975110043,-32.10429831,3.833152023,0.3468837443,,73.95811275,1.564406988e-06,-2.51973448e-08,4.70399437e-09
595.392,2.18082694,-0.297510877,-32.10429739,3.833152228,0.346883742,,73.95811275,2.561305448e-06,-1.850371375e-08,1.260859415e-08
595.492,2.180827404,-0.2975109848,-32.10429786,3.833152517,0.3468837399,,73.95811275,3.230162208e-06,-2.268039621e-08,1.481465573e-08
595.592,2.180827716,-0.297511008,-32.10429754,3.833152862,0.346883738,,73.95811275,3.680140307e-06,-1.731077977e-08,1.707557623e-08
595.692,2.18082818,-0.2975109637,-32.1042983,3.833153244,0.3468837365,,73.95811275,3.980027691e-06,-1.493144312e-08,1.977171608e-08
595.792,2.18084842,-0.2975110359,-32.10429598,3.833153652,0.3468837348,,73.95811276,2.348672979e-06,-2.004686073e-08,9.948504234e-09
595.892,2.180832336,-0.2975110007,-32.10429686,3.833153248,0.3468837309,,73.95811275,-8.328780456e-06,-4.535354772e-08,-4.692803244e-08
595.992,2.180826646,-0.2975108734,-32.10429862,3.833152352,0.3468837261,,73.95811275,-8.765848559e-06,-4.248837602e-08,-4.811626002e-08
596.092,2.180824907,-0.2975110514,-32.10429837,3.833151579,0.3468837219,,73.95811274,-6.307796036e-06,-4.456095998e-08,-3.757118513e-08
596.192,2.180824742,-0.2975109646,-32.1042981,3.833151079,0.3468837183,,73.95811274,-3.504860323e-06,-3.737356822e-08,-2.11560037e-08
596.292,2.180825113,-0.2975109421,-32.10429859,3.833150841,0.3468837151,,73.95811274,-1.147087538e-06,-2.727737798e-08,-7.726143416e-09
596.392,2.180825525,-0.2975108246,-32.10429782,3.833150812,0.3468837115,,73.95811274,6.258623665e-07,-3.143705136e-08,1.651480255e-09
596.492,2.180826105,-0.2975109721,-32.10429835,3.833150937,0.3468837097,,73.95811274,1.900197982e-06,-1.618112743e-08,8.484275754e-09
596.592,2.18082647,-0.2975108704,-32.1042979,3.833151169,0.3468837081,,73.95811274,2.772129709e-06,-1.924905214e-08,1.351758927e-08
596.692,2.180826851,-0.2975110043,-32.1042977,3.833151475,0.3468837066,,73.95811274,3.358004796e-06,-1.743426414e-08,1.467083555e-08
596.792,2.18082709,-0.2975111928,-32.10429819,3.833151833,0.3468837011,,73.95811274,3.835123286e-06,-1.846849597e-07,4.986571468e-09
596.892,2.18082758,-0.2975109137,-32.10429819,3.833152233,0.3468836797,,73.95811274,4.161050626e-06,-2.12245869e-07,5.550335588e-09
596.992,2.180840858,-0.297510896,-32.1042973,3.833152568,0.3468836602,,73.95811275,-2.190206599e-06,-1.902165481e-07,-2.487601722e-08
597.092,2.180829701,-0.2975108304,-32.10429786,3.833151945,0.3468836429,,73.95811274,-8.876153403e-06,-1.608635852e-07,-5.756987358e-08
597.192,2.180825296,-0.2975108841,-32.10429807,3.833151056,0.3468836284,,73.95811273,-8.21012678e-06,-1.210986663e-07,-5.212146946e-08
597.292,2.180824171,-0.2975108849,-32.1042985,3.833150352,0.3468836173,,73.95811273,-5.558755885e-06,-9.329051975e-08,-3.636702718e-08
597.392,2.180824249,-0.2975108329,-32.1042985,3.833149923,0.3468836086,,73.95811273,-2.848041837e-06,-7.638463998e-08,-1.972984275e-08
597.492,2.180824637,-0.297510932,-32.10429796,3.833149744,0.3468836024,,73.95811273,-6.54391306e-07,-4.534108523e-08,-8.151796064e-09
597.592,2.180825157,-0.297510934,-32.10429836,3.833149758,0.3468835974,,73.95811273,9.795242563e-07,-5.212627189e-08,4.569993725e-10
597.692,2.180825601,-0.2975108657,-32.10429773,3.833149913,0.3468835928,,73.95811273,2.138240248e-06,-3.815425082e-08,8.083023835e-09
597.792,2.180825993,-0.2975109208,-32.10429792,3.833150165,0.3468835891,,73.95811273,2.927476723e-06,-3.721420745e-08,1.173157889e-08
597.892,2.180826327,-0.2975109669,-32.10429783,3.833150484,0.3468835861,,73.95811273,3.467311177e-06,-2.761612888e-08,1.517750288e-08
597.992,2.180826696,-0.2975108898,-32.10429803,3.833150849,0.3468835835,,73.95811273,3.833735257e-06,-2.700326309e-08,1.808937533e-08
598.092,2.180827022,-0.2975108938,-32.10429764,3.833151244,0.3468835812,,73.95811273,4.070307214e-06,-2.388393744e-08,1.90804949e-08
598.192,2.180837602,-0.2975109003,-32.10429757,3.83315138,0.3468835783,,73.95811273,-5.179044564e-06,-4.303821688e-08,-3.029203144e-08
598.292,2.180827498,-0.2975107881,-32.10429799,3.8331506,0.3468835723,,73.95811273,-9.207494133e-06,-5.458108848e-08,-5.147411159e-08
598.392,2.180824177,-0.2975109122,-32.10429794,3.833149727,0.3468835671,,73.95811272,-7.702602304e-06,-4.984065684e-08,-4.430262444e-08
598.492,2.180823423,-0.2975108585,-32.10429795,3.833149082,0.3468835626,,73.95811272,-4.915683838e-06,-4.237916263e-08,-2.847268334e-08
598.592,2.180823638,-0.2975107934,-32.10429808,3.833148715,0.3468835584,,73.95811272,-2.294505795e-06,-3.507814801e-08,-1.341438017e-08
598.692,2.180824084,-0.2975108797,-32.1042978,3.833148585,0.3468835553,,73.95811272,-2.30972781e-07,-3.885782254e-08,-3.901388577e-09
598.792,2.180824606,-0.2975108541,-32.10429842,3.833148634,0.3468835517,,73.95811272,1.275138184e-06,-3.000256911e-08,4.670562109e-09
598.892,2.180825073,-0.2975107865,-32.10429813,3.833148814,0.3468835492,,73.95811272,2.342913995e-06,-2.067852722e-08,1.191303182e-08
598.992,2.180825419,-0.2975109891,-32.10429807,3.833149085,0.3468835474,,73.95811272,3.073044047e-06,-2.261449543e-08,1.322113384e-08
599.092,2.180825868,-0.2975109128,-32.10429799,3.833149416,0.3468835456,,73.95811272,3.560696256e-06,-2.117747379e-08,1.610737696e-08
599.192,2.180826163,-0.2975109201,-32.10429796,3.833149789,0.3468835437,,73.95811272,3.887559136e-06,-2.147478048e-08,1.746164403e-08
599.292,2.180826414,-0.2975109568,-32.104298,3.833150188,0.3468835416,,73.95811272,4.109219507e-06,-1.88006572e-08,1.789565937e-08
599.392,2.180832889,-0.2975108828,-32.10429665,3.833150074,0.3468835383,,73.95811272,-7.157875508e-06,-5.111785376e-08,-4.08867289e-08
599.492,2.180825647,-0.2975108765,-32.10429828,3.833149212,0.3468835326,,73.95811272,-9.115323143e-06,-6.535639329e-08,-5.21304431e-08
599.592,2.180823162,-0.2975108591,-32.10429801,3.83314838,0.3468835277,,73.95811271,-7.053582051e-06,-4.55738575e-08,-3.973350518e-08
599.692,2.172300265,-0.2975082225,-32.1047959,3.833190112,0.3468835224,,73.95811293,0.00301610582,-1.608451391e-07,1.56360613e-05
599.792,2.169771295,-0.2975482913,-32.10491101,3.83402544,0.3468865796,,73.95811749,0.01475984101,4.276783223e-05,7.985317948e-05
599.892,2.171569213,-0.2975089512,-32.10485665,3.836157889,0.346893348,,73.95812908,0.02848590102,8.212158452e-05,0.0001540824891
599.992,2.185361335,-0.2975729639,-32.10389018,3.839337948,0.3469042498,,73.95814641,0.03299880341,0.0001083106136,0.0001795062388
600.092,2.191811744,-0.2975941803,-32.1032837,3.842445903,0.3469145823,,73.95816333,0.02802296597,8.739260715e-05,0.0001520902184
600.192,2.193398037,-0.297615631,-32.10277943,3.844934972,0.3469228597,,73.95817688,0.02120461159,6.850342584e-05,0.0001152691078
600.292,2.193383395,-0.2975560255,-32.10345807,3.846769041,0.3469277469,,73.95818677,0.01518167473,3.061658695e-05,8.111285095e-05
600.392,2.204456246,-0.2976186534,-32.10264358,3.848030109,0.3469313369,,73.95819359,0.007047248934,4.593399714e-05,4.009029678e-05
600.492,2.208967712,-0.297721614,-32.10230064,3.84784153,0.3469343408,,73.95819284,-0.01346147334,-5.426770773e-06,-7.025636456e-05
600.592,2.196215645,-0.2979378926,-32.10311549,3.845748552,0.3469207262,,73.95818093,-0.02757794403,-0.0003526227673,-0.000170180928
600.692,2.186332232,-0.2981250597,-32.10344593,3.842753166,0.3468638245,,73.95816102,-0.03111414361,-0.0008701182947,-0.0002282661841
600.792,2.17934448,-0.2971844317,-32.10513168,3.83978858,0.3467629485,,73.9581379,-0.02700062359,-0.001026117798,-0.0002188602192
600.892,2.17754217,-0.2973005358,-32.10506208,3.837378649,0.3466705765,,73.9581183,-0.0206224647,-0.0007782516992,-0.0001667047516
600.992,2.177457826,-0.2979020561,-32.10455731,3.83559261,0.346589842,,73.95810284,-0.01481816186,-0.00100203112,-0.0001537333671
601.092,2.177938405,-0.2970444711,-32.10451864,3.834328754,0.3464836229,,73.95808814,-0.01030899512,-0.0009911071792,-0.0001294761569
601.192,2.178462598,-0.2965331722,-32.10446281,3.833456465,0.3464138447,,73.95807826,-0.007041086798,-0.0002996647019,-5.950032309e-05
601.292,2.180220445,-0.2967980242,-32.1042518,3.832861586,0.346425556,,73.95807608,-0.005120236363,0.0004985236418,1.165320715e-05
601.392,2.179421622,-0.297065545,-32.10441022,3.832389635,0.3464903897,,73.9580786,-0.004163140026,0.0008082089309,4.03493838e-05
601.492,2.179168544,-0.2975821067,-32.10431911,3.832023596,0.3465730458,,73.95808303,-0.003055395212,0.000759232327,4.233493808e-05
601.592,2.179337901,-0.2976946454,-32.10440793,3.831760565,0.3466370352,,73.95808657,-0.00217199777,0.000469494093,2.470831907e-05
601.692,2.179431856,-0.297502411,-32.10440118,3.831575687,0.3466724658,,73.95808833,-0.001508440833,0.0002624763914,1.229021673e-05
601.792,2.179534798,-0.2974632117,-32.10438181,3.831450411,0.3466945604,,73.95808937,-0.001017373449,0.000180629249,8.566137851e-06
601.892,2.179577442,-0.2974537264,-32.10438817,3.831364111,0.3467100979,,73.95809012,-0.0006988833818,0.0001290140223,6.262608208e-06
601.992,2.179618871,-0.297448691,-32.10438467,3.831305282,0.3467212352,,73.95809066,-0.0004722185358,9.270981884e-05,4.655671226e-06
602.092,2.179651456,-0.2974450898,-32.10438118,3.831265733,0.3467292439,,73.95809107,-0.0003155207613,6.670172972e-05,3.475729532e-06
602.192,2.179675407,-0.297442705,-32.10437871,3.831239406,0.3467350064,,73.95809138,-0.000209043633,4.798726744e-05,2.594988911e-06
602.292,2.179692191,-0.2974407799,-32.10437664,3.831222021,0.3467391515,,73.95809161,-0.0001374348379,3.452409116e-05,1.934745889e-06
602.392,2.179703824,-0.2974396043,-32.10437542,3.83121063,0.3467421342,,73.95809178,-8.959982648e-05,2.485010365e-05,1.440500145e-06
602.492,2.179711839,-0.2974388368,-32.10437559,3.831203234,0.34674428,,73.9580919,-5.779892212e-05,1.786341149e-05,1.06895667e-06
602.592,2.179717249,-0.297438056,-32.10437499,3.831198493,0.3467458222,,73.958092,-3.670151896e-05,1.28374193e-05,7.940092845e-07
602.692,2.17971867,-0.2974378477,-32.10437488,3.831197338,0.346746233,,73.95809202,-3.13938827e-05,1.150421046e-05,7.191204578e-07
603.692,2.17972179,-0.2974374121,-32.10437379,3.831194798,0.3467472267,,73.95809208,-1.922065136e-05,8.273599298e-06,5.348613955e-07
603.692,2.17972179,-0.2974374121,-32.10437379,3.831194798,0.3467472267,,73.95809208,-1.922065136e-05,8.273599298e-06,5.348613955e-07
603.692,2.17972179,-0.2974374121,-32.10437379,3.831194798,0.3467472267,,73.95809208,-1.922065136e-05,8.273599298e-06,5.348613955e-07
603.692,2.17972179,-0.2974374121,-32.10437379,3.831194798,0.3467472267,,73.95809208,-1.922065136e-05,8.273599298e-06,5.348613955e-07
603.692,2.17972179,-0.2974374121,-32.10437379,3.831194798,0.3467472267,,73.95809208,-1.922065136e-05,8.273599298e-06,5.348613955e-07
603.692,2.17972179,-0.2974374121,-32.10437379,3.831194798,0.3467472267,,73.95809208,-1.922065136e-05,8.273599298e-06,5.348613955e-07
603.692,2.17972179,-0.2974374121,-32.10437379,3.831194798,0.3467472267,,73.95809208,-1.922065136e-05,8.273599298e-06,5.348613955e-07
603.692,2.17972179,-0.2974374121,-32.10437379,3.831194798,0.3467472267,,73.95809208,-1.922065136e-05,8.273599298e-06,5.348613955e-07
603.692,2.17972179,-0.2974374121,-32.10437379,3.831194798,0.3467472267,,73.95809208,-1.922065136e-05,8.273599298e-06,5.348613955e-07
603.692,2.17972179,-0.2974374121,-32.10437379,3.831194798,0.3467472267,,73.95809208,-1.922065136e-05,8.273599298e-06,5.348613955e-07
604.25,2.179726191,-0.2974364585,-32.10437365,3.831187384,0.346749642,,73.95809223,2.83735092e-06,2.762586929e-07,3.510804281e-08
604.25,2.179726191,-0.2974364585,-32.10437365,3.831187384,0.346749642,,73.95809223,2.83735092e-06,2.762586929e-07,3.510804281e-08
604.25,2.179726191,-0.2974364585,-32.10437365,3.831187384,0.346749642,,73.95809223,2.83735092e-06,2.762586929e-07,3.510804281e-08
604.25,2.179726191,-0.2974364585,-32.10437365,3.831187384,0.346749642,,73.95809223,2.83735092e-06,2.762586929e-07,3.510804281e-08
604.25,2.179726191,-0.2974364585,-32.10437365,3.831187384,0.346749642,,73.95809223,2.83735092e-06,2.762586929e-07,3.510804281e-08
604.308,2.179723915,-0.2974363454,-32.10437302,3.831186534,0.3467496998,,73.95809223,-7.332919804e-06,2.518488259e-10,-3.864517276e-08
604.375,2.199145424,-0.2972108937,-32.10336606,3.829749352,0.3467745213,,73.95808668,-0.03220805318,0.0004525371753,-0.0001324343504
604.475,2.176055392,-0.2975893493,-32.10459514,3.826054868,0.346817001,,73.95807076,-0.03879218448,0.0003670275506,-0.0001731571286
604.575,2.15205034,-0.2973721376,-32.10645261,3.822771905,0.3468595003,,73.95805699,-0.0197586261,0.0005806260531,-5.809719375e-05
604.675,2.162382587,-0.2976577547,-32.1055043,3.821830885,0.3469154269,,73.95805638,0.0002692049654,0.0004947860675,3.923035004e-05
604.775,2.162108525,-0.2977373898,-32.10569453,3.822316367,0.3469573946,,73.95806211,0.01115428166,0.0003231050859,8.257569297e-05
604.875,2.165987535,-0.2976622963,-32.10542145,3.82411128,0.3469802278,,73.95807317,0.0247908259,0.0001411929539,0.0001394092359
604.975,2.179306079,-0.2976016507,-32.1044269,3.826761972,0.3469915785,,73.95808779,0.02649030087,9.045171559e-05,0.0001443506151
605.075,2.183516881,-0.2974336582,-32.10463169,3.829220906,0.3469993819,,73.95810114,0.02187118768,7.97707264e-05,0.0001195790342
605.175,2.211794267,-0.2977879027,-32.10221747,3.830596253,0.3469957831,,73.958108,-0.00317622487,-0.0002193439931,-3.32853846e-05
605.275,2.204658734,-0.2975955143,-32.10232443,3.828704252,0.3469715064,,73.95809632,-0.03636155538,-0.0002312219202,-0.0002063493759
605.375,2.185053776,-0.2975554247,-32.10416721,3.824092922,0.3469502197,,73.95807077,-0.05475637929,-0.0001945181185,-0.0002989411434
605.475,2.179610632,-0.2975122485,-32.10438918,3.818253392,0.346931914,,73.95803908,-0.06297886638,-0.0001645723258,-0.0003393019804
605.575,2.179967031,-0.2975130092,-32.10434006,3.811538055,0.3469170975,,73.95800311,-0.07376677214,-0.0001298139035,-0.0003925969194
605.675,2.172979622,-0.297581587,-32.10461383,3.803460198,0.3469008624,,73.95795997,-0.08796553808,-0.0002002535774,-0.0004716062152
605.775,2.146478114,-0.2974927529,-32.10651689,3.794831229,0.3468774084,,73.95791342,-0.08062835367,-0.0002465004687,-0.0004370043621
605.875,2.079312028,-0.2974493755,-32.11116568,3.788449841,0.3468551511,,73.95787863,-0.02863569397,-0.0001892023829,-0.0001629081436
605.975,2.109982668,-0.2974308546,-32.10947285,3.789506533,0.3468400981,,73.95788297,0.0481792193,-0.000104434423,0.0002420120604
606.075,2.157473673,-0.2974706988,-32.10591184,3.795509873,0.3468331933,,73.95791359,0.06624528922,-4.066250325e-05,0.0003405675901
606.175,2.179206089,-0.2989071515,-32.10428283,3.801795395,0.3467962264,,73.95794338,0.05511135836,-0.00114599633,0.0001986736681
606.275,2.178962974,-0.298854174,-32.10440975,3.806516944,0.3465885441,,73.95795205,0.03866144744,-0.003173489772,-4.124789588e-05
606.375,2.175827328,-0.2973314101,-32.10431361,3.809832062,0.3462375891,,73.9579425,0.02752412215,-0.003734433687,-0.0001419765563
606.475,2.174503858,-0.2965820164,-32.10466303,3.812204965,0.3458443752,,73.95792481,0.01984272032,-0.003967042645,-0.0001997233579
606.575,2.1746323,-0.2961693522,-32.10468439,3.813925351,0.3454726482,,73.95790537,0.01427028779,-0.003409519884,-0.0001862014473
606.675,2.171199615,-0.2972670117,-32.1049098,3.8151972,0.3451414808,,73.95788669,0.01198487996,-0.00353282814,-0.0002075467444
606.775,2.173535882,-0.2979752362,-32.10492019,3.816322262,0.3447093926,,73.95785953,0.01010736538,-0.005441061004,-0.000363080057
606.875,2.174111961,-0.2960836132,-32.1046078,3.817218964,0.344120627,,73.95781922,0.007634450653,-0.006126995396,-0.0004283870478
606.975,2.174666076,-0.2952440969,-32.10472316,3.817860363,0.3435077312,,73.95777573,0.00486145786,-0.00601027089,-0.0004339219775
607.075,2.173744524,-0.2938954099,-32.10487058,3.818249795,0.3429607877,,73.95773596,0.002967963857,-0.00467980865,-0.0003421334284
607.175,2.174073153,-0.2938455515,-32.10477008,3.818473483,0.3425565054,,73.95770624,0.001250717609,-0.003280088925,-0.0002441183776
607.275,2.17248372,-0.2909771259,-32.10473335,3.81851227,0.3423534539,,73.95769092,-8.963807115e-05,0.000287172732,2.14778635e-05
607.375,2.161046531,-0.2871155567,-32.10580246,3.818507759,0.3426272577,,73.95771182,0.00262019018,0.007171903043,0.0005615526496
607.475,2.170979894,-0.2939698378,-32.10503474,3.819095333,0.3434905879,,73.95778083,0.008060120142,0.009590113747,0.000774638372
607.575,2.170092737,-0.2983335258,-32.10512129,3.819936423,0.3444088962,,73.95785538,0.009316346911,0.008116367701,0.0006686547609
607.675,2.173733542,-0.2979133643,-32.10522726,3.821037464,0.3452053246,,73.95792196,0.01196366132,0.007538025122,0.0006383287091
607.775,2.176659528,-0.2984518792,-32.10465186,3.822183459,0.3458811069,,73.95797958,0.01047898296,0.005854870199,0.0005020749897
607.875,2.166311558,-0.2964339549,-32.10526865,3.823213044,0.3464232197,,73.95802638,0.01291554215,0.005528619144,0.000489867783
607.975,2.173855475,-0.2962497537,-32.10468208,3.824850489,0.3470785608,,73.95808501,0.0187805115,0.007669249195,0.0006842391621
608.075,2.16991426,-0.2977950637,-32.1049355,3.826857556,0.3478795255,,73.95815672,0.02314227821,0.008302920323,0.000755643173
608.175,2.176059461,-0.2992386042,-32.10442576,3.829420744,0.3486967437,,73.95823259,0.02776711413,0.00787350756,0.0007471156606
608.275,2.182825112,-0.3004711692,-32.10415541,3.832183489,0.3494386828,,73.95830376,0.02680704902,0.006666660559,0.0006500150262
608.375,2.190598027,-0.3012563658,-32.10352787,3.834645364,0.3500268316,,73.95836163,0.02069881817,0.004815005278,0.0004766163503
608.475,2.194496868,-0.3057869306,-32.10369363,3.836189518,0.3503383446,,73.95839353,0.009056514517,7.390422023e-05,5.265408981e-05
608.575,2.179435421,-0.30171324,-32.10425781,3.837146987,0.3500822727,,73.95837885,0.01214473052,-0.004709423639,-0.0002983432872
608.675,2.184279451,-0.2983760662,-32.10417359,3.83843046,0.3495516784,,73.95834479,0.01307140149,-0.005354039127,-0.0003431123305
608.775,2.189351692,-0.2984240876,-32.1035583,3.839651665,0.349065884,,73.95831384,0.01027511937,-0.004455163132,-0.000288726785
608.875,2.187700604,-0.2974978229,-32.1038098,3.840482687,0.3486557223,,73.95828665,0.006385249223,-0.003547004176,-0.0002392318498
608.983,2.186853213,-0.2973497003,-32.10381152,3.841037992,0.3483231379,,73.958264,0.003892863438,-0.002470265175,-0.0001695116216
609.083,2.18644781,-0.2976119791,-32.10390766,3.841356625,0.3481157717,,73.95824972,0.002483013496,-0.001683263957,-0.0001163977871
609.183,2.192691401,-0.2982092134,-32.10355065,3.84154426,0.3479741886,,73.95823982,-0.000336016624,-0.001289635778,-0.0001007961432
609.283,2.19165876,-0.2980560576,-32.10337281,3.840955899,0.3478084947,,73.95822405,-0.01138067795,-0.001873234202,-0.0002028930239
609.383,2.184741887,-0.2976552454,-32.10417869,3.839581991,0.34761717,,73.95820223,-0.01502757917,-0.001844965985,-0.0002195971228
609.483,2.181201096,-0.2974185319,-32.10409715,3.838137894,0.3474466782,,73.95818165,-0.01327012911,-0.001488564561,-0.0001830898461
609.583,2.180158832,-0.2975510628,-32.10412883,3.836950613,0.347314634,,73.95816536,-0.01020365659,-0.001099413425,-0.0001372889813
609.683,2.180073197,-0.2973799723,-32.10431029,3.836065723,0.3472175097,,73.95815332,-0.007345904432,-0.0007835639114,-9.822076788e-05
609.783,2.180343579,-0.2969093158,-32.10445831,3.835438474,0.3471597601,,73.95814563,-0.005115415902,-0.0001910108571,-4.118684327e-05
609.883,2.180610543,-0.2972901261,-32.10426377,3.835005776,0.3471789703,,73.95814486,-0.003494996403,0.0005576971777,2.464101068e-05
609.983,2.180739838,-0.2978234841,-32.10452923,3.834710983,0.3472379026,,73.95814785,-0.002362110236,0.0005550455469,3.030819482e-05
610.083,2.181064275,-0.297854368,-32.10419545,3.834513286,0.3472915332,,73.95815094,-0.001592233155,0.0004791478483,2.848367431e-05
610.183,2.181128221,-0.2978321621,-32.10425816,3.834378132,0.3473328898,,73.95815341,-0.001091038739,0.0003373955334,2.020872741e-05
610.283,2.181193503,-0.2978521335,-32.10427001,3.834285949,0.3473629529,,73.95815524,-0.0007432482047,0.0002559537893,1.577178785e-05
610.383,2.181224665,-0.2978585008,-32.10427918,3.834224988,0.3473816903,,73.95815636,-0.0004680805661,0.0001232617533,7.024973479e-06
610.483,2.181282032,-0.2978230577,-32.10427077,3.834186798,0.3473917232,,73.95815693,-0.0002952169907,7.983717867e-05,4.592832089e-06
610.583,2.181315314,-0.2978630336,-32.10426599,3.834162604,0.3473983872,,73.95815731,-0.0001879665968,4.019843301e-05,2.105947914e-06
610.683,2.181335312,-0.2978123611,-32.10426357,3.834147168,0.3473991821,,73.9581573,-0.0001201774614,-1.150473597e-05,-1.503604635e-06
610.783,2.181347589,-0.2977966631,-32.10426237,3.834137297,0.3473978682,,73.95815714,-7.677842544e-05,-1.28824157e-05,-1.383747355e-06
610.883,2.181355376,-0.2977954141,-32.10426119,3.834131004,0.3473967216,,73.95815702,-4.873176689e-05,-9.749637795e-06,-1.000589423e-06
610.983,2.181360343,-0.2977956068,-32.10426038,3.834127033,0.3473958762,,73.95815694,-3.045884012e-05,-7.062433872e-06,-6.997371986e-07
611.083,2.181380757,-0.2977959261,-32.10425805,3.834124529,0.3473952667,,73.95815688,-2.363653227e-05,-5.084991075e-06,-5.138421403e-07
611.183,2.181368071,-0.2977960543,-32.10425897,3.83412207,0.3473948259,,73.95815683,-2.38007657e-05,-3.693312228e-06,-4.066439495e-07
611.283,2.18136452,-0.297796218,-32.1042591,3.834119922,0.3473945062,,73.9581568,-1.836105591e-05,-2.673222571e-06,-3.012047908e-07
611.383,2.181364037,-0.2977961965,-32.10425935,3.834118363,0.3473942756,,73.95815677,-1.241266144e-05,-1.916898047e-06,-2.109855138e-07
611.483,2.181364514,-0.2977963053,-32.10425861,3.83411736,0.3473941093,,73.95815675,-7.453985205e-06,-1.393028112e-06,-1.45077972e-07
611.583,2.181365277,-0.2977963125,-32.10425876,3.834116794,0.3473939889,,73.95815674,-3.735672449e-06,-1.010514546e-06,-9.641490615e-08
611.683,2.181366025,-0.2977963286,-32.10425884,3.83411655,0.347393902,,73.95815673,-1.088721122e-06,-7.253139389e-07,-5.993290685e-08
611.783,2.181366646,-0.2977963516,-32.10425861,3.834116531,0.3473938391,,73.95815673,7.507008144e-07,-5.27198599e-07,-3.581575006e-08
611.883,2.181367219,-0.2977965261,-32.10425918,3.834116666,0.3473937933,,73.95815672,1.98454772e-06,-3.864931573e-07,-1.993068056e-08
611.983,2.181367625,-0.2977964332,-32.10425886,3.834116906,0.3473937594,,73.95815672,2.826886941e-06,-2.886166207e-07,-6.084230639e-09
612.083,2.181367927,-0.2977964139,-32.10425795,3.834117216,0.3473937346,,73.95815672,3.389414502e-06,-2.05706299e-07,2.696471062e-09
612.183,2.181368331,-0.2977965069,-32.10425868,3.834117574,0.3473937162,,73.95815672,3.764877316e-06,-1.578617153e-07,6.71933892e-09
612.283,2.181379266,-0.2977964122,-32.10425776,3.834117755,0.3473937012,,73.95815672,-4.582206514e-06,-1.605336666e-07,-3.449314748e-08
612.383,2.181369295,-0.2977965705,-32.10425857,3.834116997,0.3473936867,,73.95815672,-9.32836546e-06,-1.262165619e-07,-5.879258048e-08
612.483,2.181365674,-0.297796445,-32.10425853,3.834116099,0.347393675,,73.95815671,-8.026190011e-06,-1.074491407e-07,-4.942256099e-08
612.583,2.181364774,-0.2977965401,-32.10425821,3.834115422,0.3473936659,,73.95815671,-5.236199597e-06,-8.328673908e-08,-3.418707685e-08
612.683,2.181365018,-0.297796501,-32.10425929,3.834115025,0.3473936586,,73.95815671,-2.559855385e-06,-7.439696334e-08,-1.886687197e-08
612.783,2.181365398,-0.2977964962,-32.10425869,3.834114871,0.3473936518,,73.9581567,-4.319613567e-07,-5.341503996e-08,-8.01921134e-09
612.883,2.181365898,-0.29779656,-32.1042592,3.834114904,0.3473936472,,73.9581567,1.121736667e-06,-4.199849657e-08,1.895403907e-09
612.983,2.181366329,-0.2977964502,-32.10425812,3.83411507,0.3473936437,,73.9581567,2.228545661e-06,-3.37801372e-08,9.339929432e-09
613.083,2.181366785,-0.2977965244,-32.10425876,3.83411533,0.3473936403,,73.95815671,2.986007121e-06,-2.662446829e-08,1.21080655e-08
613.183,2.181367104,-0.2977964168,-32.10425785,3.834115652,0.3473936371,,73.9581567,3.489953047e-06,-2.814653732e-08,1.687601367e-08
613.283,2.181367521,-0.2977964704,-32.10425875,3.834116018,0.3473936344,,73.9581567,3.839528719e-06,-2.199408662e-08,1.793949848e-08
613.383,2.181367767,-0.297796503,-32.10425843,3.834116414,0.3473936319,,73.95815671,4.073568018e-06,-1.727205039e-08,1.808777432e-08
613.483,2.181375728,-0.2977964584,-32.10425805,3.834116386,0.3473936279,,73.95815671,-6.596751246e-06,-5.187293997e-08,-3.826997532e-08
613.583,2.181367372,-0.2977963828,-32.10425875,3.834115544,0.3473936225,,73.9581567,-9.193466739e-06,-4.896694225e-08,-5.06885825e-08
613.683,2.181364578,-0.2977964333,-32.10425823,3.834114695,0.347393617,,73.9581567,-7.282029686e-06,-4.21174448e-08,-4.17342842e-08
613.783,2.181364162,-0.2977964231,-32.10425869,3.834114096,0.3473936119,,73.95815669,-4.465275003e-06,-4.673888558e-08,-2.628076806e-08
613.883,2.181364462,-0.2977964789,-32.10425912,3.83411377,0.3473936079,,73.95815669,-1.917739206e-06,-3.607787957e-08,-1.303438646e-08
613.983,2.181364917,-0.2977964814,-32.10425889,3.834113673,0.3473936043,,73.95815669,4.785430177e-08,-3.772466023e-08,-2.785185456e-09
614.083,2.18136536,-0.297796456,-32.10425825,3.834113747,0.3473936012,,73.95815669,1.478718187e-06,-2.051402649e-08,5.878680919e-09
614.183,2.181365747,-0.2977963264,-32.10425784,3.834113944,0.3473935991,,73.95815669,2.479011261e-06,-2.022987443e-08,1.255189659e-08
614.283,2.181366221,-0.2977963873,-32.10425863,3.834114225,0.3473935972,,73.95815669,3.156193143e-06,-1.860320275e-08,1.612880701e-08
614.383,2.181366608,-0.2977964871,-32.10425871,3.834114564,0.3473935953,,73.95815669,3.615250634e-06,-2.431523095e-08,1.655205642e-08
614.483,2.181366898,-0.2977965125,-32.1042586,3.834114941,0.3473935933,,73.9581567,3.92611764e-06,-2.144170625e-08,1.767224626e-08
614.583,2.181367172,-0.2977964453,-32.10425814,3.834115344,0.3473935914,,73.9581567,4.13385256e-06,-1.653733009e-08,2.03931664e-08
614.683,2.18137192,-0.2977964672,-32.10425857,3.834115038,0.347393587,,73.9581567,-8.023007586e-06,-5.983637291e-08,-4.60259753e-08
614.783,2.181365645,-0.2977963936,-32.10425839,3.834114148,0.3473935816,,73.95815669,-8.911506666e-06,-5.275316472e-08,-4.979416178e-08
614.883,2.181363795,-0.2977965104,-32.10425893,3.834113352,0.347393577,,73.95815669,-6.579401555e-06,-4.980990817e-08,-3.829975207e-08
614.983,2.18136358,-0.2977964029,-32.10425889,3.834112825,0.3473935728,,73.95815668,-3.763262701e-06,-3.412553053e-08,-2.166323791e-08
615.083,2.181363805,-0.2977964195,-32.10425834,3.834112563,0.347393569,,73.95815668,-1.359998371e-06,-3.016463038e-08,-9.13802205e-09
615.183,2.181364329,-0.2977964387,-32.10425886,3.834112516,0.347393566,,73.95815668,4.712378327e-07,-2.91053237e-08,3.085432445e-10
615.283,2.181364873,-0.2977964643,-32.10425933,3.834112626,0.3473935633,,73.95815668,1.77662001e-06,-2.871405131e-08,6.899511979e-09
615.383,2.181365303,-0.297796434,-32.10425886,3.834112848,0.347393561,,73.95815668,2.68104194e-06,-1.451799976e-08,1.190998514e-08
615.483,2.181365643,-0.2977965254,-32.10425919,3.834113146,0.3473935592,,73.95815668,3.292803452e-06,-2.364049968e-08,1.452366061e-08
615.583,2.18136598,-0.297796505,-32.10425878,3.834113496,0.3473935571,,73.95815669,3.708419649e-06,-2.606275474e-08,1.61710282e-08
615.683,2.181366267,-0.2977965084,-32.10425777,3.83411388,0.347393555,,73.95815669,3.989511962e-06,-2.358479329e-08,1.757862837e-08
615.783,2.181383758,-0.2977965054,-32.10425745,3.834114242,0.3473935529,,73.95815669,-9.380106166e-07,-3.795753933e-08,-8.581479326e-09
615.883,2.181369037,-0.297796409,-32.10425808,3.834113671,0.3473935474,,73.95815669,-8.822318705e-06,-5.305644569e-08,-4.968872909e-08
615.983,2.18136432,-0.2977964502,-32.10425869,3.83411277,0.3473935424,,73.95815668,-8.478794259e-06,-4.974224116e-08,-4.785264661e-08
616.083,2.181362957,-0.2977963024,-32.10425911,3.834112036,0.3473935378,,73.95815668,-5.870274986e-06,-3.91175452e-08,-3.265007233e-08
616.183,2.181363007,-0.297796419,-32.10425942,3.834111578,0.3473935341,,73.95815667,-3.112928539e-06,-3.955650889e-08,-1.89524999e-08
616.283,2.181363403,-0.2977963829,-32.10425963,3.834111375,0.3473935303,,73.95815667,-8.467500854e-07,-3.007831898e-08,-6.071805173e-09
616.383,2.181363867,-0.2977964675,-32.10425893,3.834111372,0.3473935283,,73.95815667,8.280771923e-07,-2.865207991e-08,1.953270391e-09
616.483,2.18136425,-0.2977964836,-32.10425883,3.834111513,0.3473935256,,73.95815667,2.026140417e-06,-3.032992536e-08,7.188885541e-09
616.583,2.181364672,-0.2977965315,-32.10425855,3.834111756,0.3473935234,,73.95815668,2.853094732e-06,-2.02523236e-08,1.214486979e-08
616.683,2.181365061,-0.2977964229,-32.1042587,3.83411207,0.3473935209,,73.95815668,3.422227746e-06,-2.686499418e-08,1.563639229e-08
616.783,2.181365489,-0.297796424,-32.10425867,3.83411243,0.3473935186,,73.95815668,3.79913862e-06,-2.725283696e-08,1.824689892e-08
616.883,2.181365739,-0.2977963891,-32.10425828,3.834112822,0.3473935165,,73.95815668,4.047054772e-06,-1.603541133e-08,1.998816741e-08
616.983,2.181376678,-0.2977964394,-32.10425744,3.834113028,0.3473935139,,73.95815668,-4.372341253e-06,-4.906353302e-08,-2.615354356e-08
617.083,2.181366633,-0.2977964474,-32.10425803,3.834112289,0.3473935081,,73.95815668,-9.172541785e-06,-5.231186688e-08,-5.205282004e-08
617.183,2.181363086,-0.2977964914,-32.10425869,3.834111404,0.3473935029,,73.95815667,-7.91277028e-06,-4.750865314e-08,-4.566708696e-08
617.283,2.181362217,-0.2977963488,-32.10425916,3.834110736,0.3473934985,,73.95815667,-5.149768859e-06,-3.806545966e-08,-2.884146363e-08
617.383,2.181362413,-0.2977964367,-32.10425932,3.834110347,0.3473934945,,73.95815667,-2.492956251e-06,-4.566244835e-08,-1.658374923e-08
617.483,2.181362713,-0.2977963832,-32.1042582,3.834110199,0.3473934908,,73.95815666,-3.774373134e-07,-2.518027861e-08,-3.698693891e-09
617.583,2.448057797,-0.319449806,-32.07997583,3.837053576,0.3473194986,,73.95813908,0.09298670189,0.00316558138,0.0007252447229
617.683,2.474398609,-0.2873663153,-32.08191587,3.847460009,0.347403193,,73.95816822,0.1026279174,-0.0009991085744,-0.00305324361
617.783,2.479934952,-0.2968287568,-32.08118986,3.856684774,0.3474131675,,73.95812802,0.07931149153,-0.0001394555306,-0.0008727806214
617.883,2.482881567,-0.2935620135,-32.08267513,3.863591853,0.34741406,,73.9580454,0.0579145516,9.145879813e-05,0.0003075370033
617.983,2.484915268,-0.2986687943,-32.08084385,3.868608951,0.3474253838,,73.95795701,0.04188757994,0.0002769311163,-0.001486820561
618.083,2.485638942,-0.3103714526,-32.07935967,3.872230521,0.34742643,,73.95780267,0.03015307808,0.001595367688,0.0002797961767
618.183,2.486226275,-0.3255808999,-32.07691676,3.874840253,0.3473977901,,73.95768805,0.0217446576,0.003293004784,0.0003676144603
618.283,2.487051497,-0.288516676,-32.0818297,3.87671887,0.3474346998,,73.95760682,0.01567258239,0.0002358637807,9.958482303e-05
618.383,2.487857233,-0.2632065395,-32.08755076,3.87807498,0.3474195212,,73.95747913,0.01130539828,-0.001342067273,-4.525707566e-05
618.483,2.488025172,-0.261280412,-32.08757753,3.879050855,0.3474344897,,73.95736767,0.008140951053,-0.001462262987,-7.101409208e-05
618.583,2.488536254,-0.3000217501,-32.0803722,3.879755811,0.3474771994,,73.95726548,0.005901683609,0.0005711963095,-0.003432783645
618.683,2.485783266,-0.4104170007,-32.07037611,3.880266161,0.3473782027,,73.95707589,0.004252792252,0.008398395097,0.000672748182
618.783,2.48917054,-0.1469175316,-32.08581686,3.88063409,0.3474842794,,73.956958,0.003103626708,-0.01992878945,-0.007298914188
618.883,2.489486523,-0.1426850053,-32.08849831,3.880899176,0.3475059217,,73.95682579,0.002337141942,-0.02045358428,-0.00850481271
618.983,2.486757895,-0.3304289978,-32.08029132,3.881091006,0.3474749736,,73.95667118,0.001555477346,0.003307433177,0.0002643627423
619.083,2.48508643,-0.4535396686,-32.06704995,3.881232569,0.3473487569,,73.95644301,0.00115148338,0.01158102155,0.0009034639615
619.183,2.486242766,-0.3315106235,-32.07799352,3.8813384,0.3474783196,,73.95628996,0.0008666254801,0.003614885907,-0.0002492057768
619.283,2.488776491,-0.1481164985,-32.08567534,3.88141462,0.3475216045,,73.95612948,0.0007363803456,-0.0195521363,-0.007707576597
619.383,2.488048439,-0.2772825135,-32.08439184,3.88147231,0.3475069574,,73.95592409,0.0004691091567,-0.0003214011801,-0.001856130761
619.483,2.484804479,-0.4188018318,-32.07125448,3.881512894,0.3474084732,,73.95566213,0.0002919127316,0.0094078962,0.0007306435219
619.583,2.486110234,-0.3484876688,-32.07888185,3.881544654,0.3474810995,,73.95550272,0.0002557655201,0.004895624816,0.0003807363608
619.683,2.487949798,-0.1951895328,-32.08561799,3.881570018,0.347533041,,73.95529399,0.0003089799137,-0.01342888942,-0.008531498839
619.783,2.487231942,-0.2680689082,-32.08671607,3.881589622,0.3475261172,,73.95504262,0.0001300769164,-0.0006706726471,-5.129943561e-05
619.883,2.484088191,-0.4242980612,-32.07138462,3.881607128,0.3474143513,,73.95476983,0.0001167195337,0.009962760612,0.0007727477857
619.983,2.486384658,-0.258950334,-32.0785685,3.881991073,0.3475007193,,73.95456775,0.008338876316,-0.005049736287,-0.00394123521
620.083,2.487791002,-0.2646462922,-32.08667196,3.88289047,0.3474673099,,73.95425213,0.008701733496,-0.0009386462191,-2.759942576e-05
620.183,2.488083144,-0.3066853906,-32.077239,3.883708363,0.3474608499,,73.95406533,0.008325722056,0.00122180251,-0.003772447777
620.283,2.488570117,-0.2581773134,-32.08708722,3.88450774,0.3474440359,,73.95376264,0.007199106429,-0.0009310879423,-3.484210691e-05
620.383,2.489121599,-0.2355513315,-32.09283469,3.885144635,0.3474345449,,73.95350792,0.005369997281,-0.002458887447,-0.0001628452129
620.483,2.485669816,-0.4565976625,-32.06721299,3.88558594,0.34731443,,73.95321144,0.002960508103,0.01292578246,0.00101801308
620.583,2.487723193,-0.347307902,-32.07918049,3.885820116,0.3474457571,,73.95300626,0.00176436433,0.004686419052,-0.002067846285
620.683,2.488903637,-0.2712236231,-32.07767109,3.885974035,0.3474970286,,73.95277143,0.001326244417,-0.003631349703,-0.003905580875
620.783,2.488808717,-0.3160641258,-32.07594095,3.886089302,0.3474578125,,73.95241518,0.0009838769429,0.002581762585,-0.003697466817
620.883,2.488228822,-0.2352025661,-32.09122895,3.886182965,0.3474403568,,73.95212495,0.001350836074,-0.002173391016,-0.0001616013233
620.983,2.489380184,-0.1840482647,-32.087546,3.886352255,0.3474421688,,73.95171692,0.00181164401,-0.01365093501,-0.008515866514
621.083,2.489535739,-0.1566013533,-32.08926618,3.886514055,0.3473988341,,73.95137824,0.001543721155,-0.01856145232,-0.01182884905
621.183,2.488136739,-0.3503280675,-32.07363066,3.886644292,0.347249227,,73.95105555,0.00110810443,0.005991059853,-0.002357356258
621.283,2.488466304,-0.2565481856,-32.0900613,3.886743847,0.3472115685,,73.95075486,0.0007653918762,-0.001818358727,-0.0001371122905
621.383,2.488538145,-0.2371264831,-32.0936512,3.886818679,0.3470783889,,73.95030968,0.0006301057679,-0.002855762466,-0.000218312623
621.492,2.485164581,-0.4039937566,-32.07034531,3.886879209,0.3469521042,,73.9499814,0.0004834001201,0.009120188765,0.0007101751083
621.592,2.488760849,-0.1534762784,-32.0867686,3.886932937,0.3469596322,,73.94966941,0.0005176703774,-0.01854696073,-0.01060681449
621.692,2.488809036,-0.1449853682,-32.09094491,3.886973546,0.3468979927,,73.94938462,0.0004130161891,-0.01932662042,-0.008193244837
621.792,2.487910178,-0.2499957623,-32.0904766,3.887007738,0.3468366179,,73.94899846,0.0002834654165,-0.0006541024909,-4.928262559e-05
621.892,2.485076433,-0.4308827188,-32.0695088,3.887037543,0.3467162098,,73.9486821,0.0002641874619,0.011831392,0.0009194336137
621.992,2.488503627,-0.2184462111,-32.08830504,3.887068378,0.3467977434,,73.94827426,0.0003008396071,-0.006880434282,-0.007237166386
622.092,2.488063104,-0.1740977068,-32.09026876,3.887093289,0.3467983744,,73.94785757,0.0002834520037,-0.01585342845,-0.006704610413
622.192,2.487754387,-0.2817576575,-32.08377242,3.887119366,0.3467717353,,73.94749095,0.0003095023049,-0.003015480346,-0.006310215375
622.292,2.487086483,-0.3225888908,-32.0796858,3.887148519,0.3467066214,,73.94685404,0.0002888744436,0.002401324988,-0.01030762073
622.392,2.4877421,-0.173006732,-32.08703255,3.88717297,0.3467284312,,73.94614755,0.0002974624046,-0.01477133515,-0.01269168535
622.492,2.487173501,-0.2587236827,-32.09017843,3.887192174,0.3467377807,,73.94575918,0.000150481832,0.0006157294706,4.856454374e-05
622.592,2.486901491,-0.2988506714,-32.07449671,3.887212914,0.3467134424,,73.94537681,0.0002174289198,0.0003033531635,-0.003453671989
622.692,2.48662916,-0.2522677327,-32.09144095,3.887235586,0.3466930626,,73.94479462,0.0001915225166,0.0004643897667,3.703085388e-05
622.792,2.486995758,-0.1986413267,-32.08786823,3.88726022,0.3467138615,,73.94411313,0.0002854964363,-0.01260635621,-0.01130162728
622.892,2.487091294,-0.1931034251,-32.08838666,3.88728435,0.346706553,,73.94328183,0.0002615341092,-0.01288292878,-0.01286723932
622.992,2.48729174,-0.1860723631,-32.0892878,3.88730702,0.3467035028,,73.94231777,0.000296443169,-0.01297460573,-0.015825851
623.092,2.487389619,-0.187403938,-32.08968754,3.88733396,0.3466933605,,73.94116142,0.0003441369282,-0.01272302304,-0.01637423878
623.2,2.484019314,-0.4177998179,-32.06916617,3.887366731,0.3465852008,,73.93993875,0.0002595050922,0.01015969958,-0.007314961972
623.358,2.48456068,-0.4271950624,-32.06882346,3.887387891,0.3465681802,,73.93924942,0.0002616602932,0.01134094291,-0.005197643025
623.4,2.488855536,-0.1702902948,-32.0906588,3.887431803,0.3466689522,,73.93795698,0.00044476685,-0.01437965454,-0.01637550319
623.5,2.486109511,-0.4241485349,-32.06894893,3.887475353,0.3465412925,,73.93667909,0.000358449102,0.01103890956,-0.006755986386
623.6,2.487255017,-0.4045516229,-32.06837005,3.887518721,0.346535057,,73.93542771,0.0004574320539,0.009713980511,-0.01012487985
623.7,2.489983597,-0.3853421133,-32.07005072,3.887570995,0.3465294975,,73.93409921,0.0005656276641,0.008288420992,-0.01196655107
623.8,2.492278127,-0.4379262583,-32.06585974,3.887640368,0.346456649,,73.93268885,0.0007678842308,0.0119712867,-0.009319911797
623.9,2.499291214,-0.3990905003,-32.06869918,3.887737382,0.3464435459,,73.93123249,0.001123080172,0.009052699376,-0.01234835527
624,2.507608608,-0.4054395262,-32.06728095,3.887872607,0.3463734725,,73.92969182,0.001594398005,0.008575561431,-0.01326295914
624.1,2.519452334,-0.4177620918,-32.06535836,3.888062606,0.3462547641,,73.9280822,0.002199005863,0.00938693459,-0.0131126582
624.175,2.534794466,-0.1836384102,-32.08886428,3.888252618,0.3462468956,,73.92687801,0.00293142804,-0.01321295547,-0.02083783963
624.275,2.554028358,-0.1752226374,-32.08799915,3.888584874,0.3460454471,,73.92513272,0.003894361154,-0.0142981953,-0.02173664875
624.375,2.57784842,-0.1673584565,-32.08780771,3.889021337,0.34578084,,73.92329332,0.005026863421,-0.01510251077,-0.02270742709
624.475,2.606242208,-0.1702753134,-32.08531647,3.889576648,0.345453474,,73.92133268,0.006278697201,-0.01526840576,-0.02407782489
624.575,2.639670441,-0.2090866025,-32.07919792,3.890269064,0.3450532002,,73.91915568,0.007793692749,-0.0123993062,-0.02618338568
624.675,2.678704676,-0.2697441506,-32.06967629,3.891120748,0.3445627356,,73.91658692,0.009403875762,-0.007679012814,-0.02897179749
624.775,2.725197934,-0.2657030598,-32.06541364,3.892146006,0.3439934325,,73.91355817,0.01129216111,-0.009470923025,-0.03329145737
624.875,2.780138649,-0.2294864287,-32.06595299,3.893368544,0.3433120287,,73.91012818,0.0134117289,-0.01405699488,-0.03768275288
624.975,2.843610254,-0.2042581393,-32.06277817,3.894815507,0.3424944228,,73.90635308,0.01579921914,-0.01774754794,-0.04140398352
625.075,2.916786718,-0.1853398446,-32.06088406,3.896511437,0.3415263074,,73.90224889,0.01845769005,-0.02104301909,-0.04491713339
625.175,3.000249274,-0.1690086146,-32.055287,3.898491939,0.3403952901,,73.89780411,0.02148742161,-0.02420463701,-0.04853594489
625.275,3.095029216,-0.1542138464,-32.04817692,3.900794241,0.3390876853,,73.89298908,0.02491160057,-0.02745932418,-0.05242760352
625.375,3.202224047,-0.1396490247,-32.0425559,3.903449692,0.3375809954,,73.88776222,0.02859783022,-0.03082990678,-0.05669474246
625.475,3.322350678,-0.1255368374,-32.03459237,3.906495585,0.3358587335,,73.88207387,0.03270795604,-0.03440457143,-0.06146295017
625.575,3.456376605,-0.1150280181,-32.02531218,3.909967673,0.3339421741,,73.87572095,0.03720945048,-0.03732839611,-0.07169180813
625.675,3.604810023,-0.07634598948,-32.01714736,3.913911787,0.3318270998,,73.86798259,0.04216891351,-0.04349011186,-0.08797980246
625.775,3.767825128,-0.03802984904,-32.00891927,3.918366334,0.3294715394,,73.85842593,0.04742181283,-0.04954101799,-0.1084127431
625.875,3.945142347,-0.01620064346,-31.99955922,3.923364648,0.3268728213,,73.84654297,0.05303415162,-0.0540690084,-0.1337706042
625.975,4.135060232,-0.1557052326,-31.97009243,3.928927667,0.3239108784,,73.8321378,0.05868793556,-0.04340968727,-0.1576575895
626.075,4.336284751,-0.2690931877,-31.93963159,3.935053568,0.3206906598,,73.81526713,0.06423685247,-0.03542344178,-0.1827907214
626.175,4.54690378,-0.2935126385,-31.91897317,3.941725243,0.3172669252,,73.79572734,0.06956585456,-0.03548666095,-0.2109820184
626.275,4.763500353,-0.2959359317,-31.90136073,3.948913829,0.3136440648,,73.77321317,0.07450019148,-0.03721231974,-0.2425198714
626.375,4.983044164,-0.2968714642,-31.88425363,3.956565457,0.3098519305,,73.74738768,0.07878171307,-0.03865114937,-0.2775020816
626.475,5.202666221,-0.2985841804,-31.8662604,3.964610316,0.3059361095,,73.71790526,0.08225836278,-0.03965536284,-0.3159439107
626.575,5.419958229,-0.3007271023,-31.84762682,3.972969668,0.3019471424,,73.68442286,0.08499941593,-0.04007462732,-0.3577672356
626.675,5.632726757,-0.3039763062,-31.83028141,3.981561285,0.297935849,,73.64660827,0.0868420283,-0.04004868838,-0.4028294998
626.775,5.839012252,-0.3079481371,-31.81302491,3.990303332,0.2939549716,,73.60414722,0.08786616677,-0.03940934508,-0.4509095379
626.875,6.037368137,-0.3132088562,-31.7976971,3.999112024,0.2900560709,,73.55674992,0.08818319191,-0.03839207936,-0.5017334551
626.975,6.226610504,-0.3195119716,-31.78314713,4.007912716,0.2862810663,,73.50415675,0.08769808215,-0.03691387117,-0.5549700064
627.075,6.40549947,-0.3269826773,-31.76710211,4.016636668,0.2826708455,,73.44614343,0.08656367423,-0.03505671297,-0.6102431396
627.175,6.573747049,-0.335793118,-31.75314813,4.025220006,0.2792605356,,73.38252508,0.08482820055,-0.03289832313,-0.6671385863
627.275,6.730845864,-0.3458924164,-31.73984684,4.033607634,0.2760800443,,73.31315946,0.08264284284,-0.03046095081,-0.7252152183
627.408,6.876788012,-0.3573203101,-31.72768573,4.041760503,0.2731512321,,73.23794922,0.08008110855,-0.02784113632,-0.7840176161
627.475,7.011512323,-0.3699456281,-31.71621992,4.04964062,0.2704937743,,73.15684295,0.07715571925,-0.02502507738,-0.8430830533
627.575,7.135276832,-0.3840866688,-31.70578892,4.057218527,0.2681190648,,73.06983552,0.07405502993,-0.02221292431,-0.9019515348
627.675,7.248393954,-0.399351664,-31.69524767,4.064476589,0.2660317796,,72.97696768,0.07077275328,-0.01933985292,-0.9601677958
627.775,7.351359067,-0.415677834,-31.68698853,4.071402995,0.264229955,,72.87832487,0.06743225751,-0.01647806376,-1.01729048
627.875,7.444757592,-0.433100368,-31.67905808,4.077992911,0.2627117258,,72.77403575,0.06403241965,-0.01364266834,-1.072901805
627.975,7.528993918,-0.4516298694,-31.67183909,4.084242266,0.2614687824,,72.6642698,0.06061007739,-0.01099781086,-1.126608423
628.075,7.56577005,-0.4637098506,-31.94777871,4.090149996,0.2604894508,,72.54923495,0.07903098279,-0.01062640007,-1.17739054
628.175,7.71549768,-0.4971401045,-31.68637952,4.103498167,0.2597435059,,72.42939861,0.09914025025,-0.003834184009,-1.224880001
628.275,7.74067187,-0.5107023076,-31.65395325,4.109357353,0.2592960067,,72.30469213,0.03412918568,-0.004120700255,-1.272375574
628.375,7.787828743,-0.5298572612,-31.65017364,4.112386302,0.2589982021,,72.1754002,0.02874136657,-0.001367317669,-1.317114024
628.475,7.832463565,-0.5514788612,-31.64494,4.115330355,0.2590021903,,72.0416814,0.03038538162,0.001733502059,-1.360763085
628.575,7.855564464,-0.4216607869,-31.51344852,4.113885875,0.2562096072,,71.90358897,-0.03838109693,0.09830828698,-1.401370787
628.675,7.895788708,-0.608751059,-31.63877052,4.11423201,0.2596407435,,71.76134007,0.04008816612,0.0110972749,-1.444279895
628.775,7.926907546,-0.6352769163,-31.63979491,4.119332285,0.2603446835,,71.61526549,0.0678194533,-0.0003507924597,-1.478254781
628.875,7.952934377,-0.6502428414,-31.63622309,4.126704064,0.2602316827,,71.4661299,0.08602853965,-0.00230581381,-1.506439365
628.975,7.987782161,-0.6696896806,-31.63211835,4.137414437,0.259908377,,71.31434742,0.1163790594,-0.003396320522,-1.530889703
629.075,8.0072505,-0.688158381,-31.62835173,4.151717849,0.2594795315,,71.16032006,0.159912625,-0.003912087222,-1.550944274
629.175,8.035868861,-0.7280734318,-31.63461359,4.166810521,0.2578126022,,71.00437644,0.1294550179,-0.03704328707,-1.568909037
629.275,8.047917397,-0.7246365031,-31.62364397,4.178484315,0.2540013433,,70.84676851,0.1049555401,-0.03476276507,-1.585347429
629.375,8.065233143,-0.7361448093,-31.62007023,4.188242743,0.2514077435,,70.68715132,0.08373066974,-0.02020339443,-1.610220854
629.475,8.079557047,-0.7184471969,-31.59635321,4.195154979,0.2499908707,,70.52487551,0.03864995335,0.01744973623,-1.638298299
629.575,8.077861398,-0.7663528618,-31.61950792,4.194613773,0.2532760954,,70.35949483,-0.04541561977,0.04189294249,-1.6729226
629.675,8.077031841,-0.8042708125,-31.6211664,4.187993564,0.2578364173,,70.19060856,-0.09376452982,0.04996828657,-1.707898114
629.775,8.058433602,-0.8416790771,-31.62244813,4.176889768,0.2629744667,,70.01824577,-0.1198831375,0.05210605869,-1.741941279
629.875,8.048683817,-0.8750040147,-31.62439453,4.165531425,0.2683029261,,69.84258976,-0.1073802207,0.05538314231,-1.773998264
629.975,8.044829883,-0.9087869392,-31.62703762,4.155000855,0.2738394365,,69.66376355,-0.1041144272,0.05540562841,-1.804903219
630.075,8.029530824,-0.9410999344,-31.62761707,4.14528173,0.2793954132,,69.48192869,-0.08509136951,0.05613323901,-1.83420581
630.175,8.02033485,-0.9711404311,-31.6299167,4.137010353,0.2851211909,,69.29718643,-0.07620600634,0.05922375264,-1.863364695
630.275,8.016323856,-1.003615735,-31.63072984,4.130272432,0.2910337987,,69.10954418,-0.06392576253,0.06033829526,-1.891914189
630.375,8.003110785,-1.034838983,-31.63238563,4.12324032,0.2971587745,,68.91901629,-0.06977760676,0.06270937313,-1.921376689
630.475,7.993949063,-1.06973584,-31.63290666,4.117047796,0.3035871669,,68.72548342,-0.05219669738,0.06510388599,-1.951999763
630.575,7.988191102,-1.105745635,-31.63391022,4.112610771,0.3102835767,,68.52884188,-0.03596187189,0.06680347317,-1.983554005
630.675,7.983472622,-1.141863302,-31.63537909,4.109612627,0.3169750006,,68.32908429,-0.02377322417,0.06627869123,-2.014149637
630.775,7.979389598,-1.176515797,-31.63719477,4.107678861,0.3235886433,,68.12632872,-0.01475893406,0.06687176934,-2.043792493
630.875,7.975566641,-1.213424955,-31.63594835,4.106528514,0.3302013732,,67.92061042,-0.00824867022,0.06476080686,-2.072753034
630.975,7.965872338,-1.251514023,-31.6367285,4.106028212,0.3365290138,,67.71211252,0.00566302456,0.06007749158,-2.098761213
631.075,7.951334901,-1.301614002,-31.63607079,4.111533818,0.3411978979,,67.5016782,0.1169148014,0.032063879,-2.106061656
631.175,7.978724607,-1.323175934,-31.63537724,4.125628963,0.3434715647,,67.29159732,0.1463025828,0.01539051567,-2.092396441
631.275,7.985429085,-1.330310866,-31.63253098,4.13903205,0.3450375436,,67.08315784,0.1176380252,0.01526648872,-2.075241985
631.375,7.98648479,-1.342209532,-31.63116443,4.149471087,0.3464155314,,66.8764733,0.0896552713,0.01031368476,-2.056382878
631.475,8.002945305,-1.353756185,-31.60934955,4.153807582,0.3471935419,,66.67192683,-0.04192871676,0.005909338661,-2.03237313
631.575,7.982845229,-1.360610958,-31.63134834,4.146740112,0.3472690902,,66.46994824,-0.09372909849,-0.004660453719,-2.003516595
631.675,7.976370376,-1.377531204,-31.64365598,4.14316379,0.3504705277,,66.27109751,0.01766199448,-0.0080731251,-1.970526353
631.775,7.994053397,-1.372206698,-31.6319826,4.143242225,0.3487716311,,66.07622672,-0.02978845104,-0.02571283343,-1.921442363
631.875,7.972348897,-1.354203374,-31.63119309,4.136732475,0.3458840486,,65.88660116,-0.08392053706,-0.02738353471,-1.867273576
631.975,7.960256637,-1.345767496,-31.63395231,4.128872975,0.3433414717,,65.70224421,-0.06948535096,-0.02735486593,-1.815174697
632.075,7.954221153,-1.330399716,-31.6343224,4.120539493,0.340046734,,65.5234438,-0.08912492764,-0.03351506728,-1.755701292
632.175,7.944075118,-1.312700419,-31.63790241,4.112408245,0.3369822168,,65.35054258,-0.07081529672,-0.02744189036,-1.698221588
632.275,7.937666477,-1.296047111,-31.63775215,4.106209927,0.3344601332,,65.18326264,-0.0524879166,-0.0228848957,-1.643404583
632.375,7.942316933,-1.282371154,-31.63940579,4.099818583,0.3316257681,,65.02157948,-0.08624548858,-0.03376146546,-1.584421751
632.475,7.921662598,-1.25902446,-31.63981165,4.090884523,0.3282812972,,64.86594283,-0.08465402957,-0.03156299406,-1.523847804
632.575,7.91349853,-1.23737167,-31.64268193,4.083301987,0.3253053988,,64.71625766,-0.06559753351,-0.02782956039,-1.465529368
632.675,7.907221136,-1.215871957,-31.64387008,4.077525658,0.3226518339,,64.57231949,-0.04955375168,-0.02517303174,-1.409003631
632.775,7.901611271,-1.194105021,-31.64459562,4.07315739,0.3202234412,,64.43396224,-0.03770418326,-0.02332087901,-1.354002236
632.875,7.896161721,-1.172234506,-31.64567512,4.069809122,0.3179486247,,64.30104339,-0.02924554852,-0.02216193,-1.300316384
632.975,7.890932887,-1.150114612,-31.64651231,4.067186896,0.3157670181,,64.17344034,-0.02323025988,-0.02141398072,-1.247750496
633.075,7.885741723,-1.127754868,-31.64722327,4.065077288,0.3136434921,,64.05104931,-0.01901599658,-0.02102838923,-1.196130387
633.175,7.880707692,-1.1050342,-31.64828431,4.063331001,0.3115417347,,63.93378303,-0.01609391224,-0.02096203653,-1.145297523
633.275,7.875603318,-1.082011904,-31.64878854,4.061832366,0.3094415027,,63.82156963,-0.01410359328,-0.02114413442,-1.09511175
633.375,7.870355755,-1.058241084,-31.64808949,4.060497294,0.3073173768,,63.7143501,-0.01280879373,-0.02135458609,-1.045445066
633.475,7.865224724,-1.034280641,-31.6491365,4.059270795,0.3051620768,,63.61207736,-0.01197807188,-0.02179632768,-0.9961975851
633.575,7.860016951,-1.009434936,-31.64990901,4.05810739,0.3029606078,,63.51471402,-0.01153899132,-0.02227196262,-0.9472730577
633.675,7.854792052,-0.9842459622,-31.65114914,4.056977448,0.3007023416,,63.42223114,-0.01131092564,-0.02292941523,-0.8986000309
633.775,7.849419071,-0.9581877762,-31.65091352,4.055855888,0.2983804436,,63.33460699,-0.01136671276,-0.02357174664,-0.8501085474
633.875,7.843941984,-0.9315225264,-31.65125108,4.054724164,0.2959904948,,63.25182563,-0.01153967051,-0.02434964326,-0.8017520394
633.975,7.831261376,-0.6015162127,-31.65148229,4.053463576,0.2898590257,,63.17901385,-0.01616657648,-0.1053728463,-0.5477285723
634.075,7.826089207,-0.5736208479,-31.65329729,4.051545229,0.2804937499,,63.14203339,-0.02269336703,-0.08466681762,-0.1654674901
634.175,7.807537798,-0.1587105893,-31.65282073,4.048882728,0.2683776776,,63.14697083,-0.03387071752,-0.1682848359,0.3909922584
634.275,7.801836981,0.009319188585,-31.65410968,4.045025052,0.2520983474,,63.21662188,-0.04364887359,-0.1621647368,1.046592168
634.375,7.796049529,0.289682563,-31.65439241,4.04035551,0.235066081,,63.3491377,-0.05018117139,-0.1839000027,1.643464681
634.475,7.770668647,0.9220533156,-31.65460239,4.034570774,0.2092711997,,63.55214926,-0.06596966247,-0.2837668452,2.504750856
634.575,7.764014739,1.332807199,-31.65463863,4.027575646,0.1802035496,,63.8406634,-0.07428346485,-0.3030117243,3.320257751
634.675,7.757291128,1.824715743,-31.65229077,4.019903255,0.1484024502,,64.20720349,-0.07969920089,-0.3369121305,4.05973646
634.775,7.75039465,2.35559188,-31.65007836,4.011776471,0.1130676119,,64.64440624,-0.0834018013,-0.3722791111,4.728565455
634.875,7.789305162,2.838526917,-32.02563133,4.003346829,0.07440057016,,65.14547334,-0.09570529587,-0.4417357598,5.330722475
634.975,7.726825853,3.41849762,-31.64365402,3.996255376,0.02541371677,,65.70423077,-0.03650578622,-0.510005161,5.882994195
635.075,7.63968401,4.413566076,-32.39326495,3.992957578,-0.02521602373,,66.31567173,-0.02830377952,-0.2742632744,6.387616594
635.175,7.773072223,4.181011942,-31.68893479,3.993909168,-0.06502441793,,66.97020488,-0.04686428851,-0.4006601035,6.621070822
635.275,7.74525616,4.634300921,-31.63331067,3.987320783,-0.1054218061,,67.63529312,-0.07620329132,-0.4074805228,6.684933458
635.375,7.710085384,5.005536941,-31.56288382,3.974806527,-0.1543082384,,68.30527798,-0.09353738716,-0.3765055607,6.736661272
635.475,7.72647604,5.286991604,-31.6251921,3.967681165,-0.1908421376,,68.9816012,-0.05818262127,-0.3520456522,6.791281306
635.575,7.722905256,5.512079992,-31.62049319,3.962135111,-0.2248120714,,69.66282797,-0.05442786611,-0.3245840547,6.835633666
635.675,7.717319146,5.698844323,-31.61528752,3.956740773,-0.2559540532,,70.34825052,-0.05415792826,-0.295945344,6.875156703
635.775,7.711581572,5.857345874,-31.61120045,3.951355218,-0.2842783126,,71.0374608,-0.05413546309,-0.2685935659,6.911233667
635.875,7.726376729,5.723519615,-31.61067586,3.946216284,-0.3066344701,,71.72515894,-0.04560117745,-0.1681699918,6.744670073
635.975,7.722031316,5.829808728,-31.60693008,3.941990244,-0.3233616678,,72.38582993,-0.03972136077,-0.1634600622,6.447557073
636.075,7.790519013,5.600044951,-31.63434601,3.932960019,-0.3352682103,,73.01211763,-0.2442450129,-0.06932929886,5.94179699
636.175,7.68650485,5.525374825,-31.71061801,3.908210001,-0.3405238042,,73.57893675,-0.1231028045,-0.05177703405,5.373958776
636.275,7.714000283,5.376012894,-31.61408141,3.902112139,-0.3451487559,,74.09238891,-0.0235653192,-0.03099464768,4.855889042
636.375,7.72287407,4.870393333,-31.61720356,3.900821993,-0.3404935296,,74.54229787,-0.004972523261,0.0800200392,4.057941139
636.475,7.715407192,4.549155941,-31.62287357,3.900621472,-0.3312543267,,74.91274212,0.0003047412536,0.1105218644,3.299463593
636.575,7.706078154,4.136893002,-31.62863125,3.900776739,-0.3182673238,,75.21065631,0.002432634998,0.1538232408,2.613012793
636.675,7.69564853,3.670229452,-31.63350567,3.901076419,-0.300803253,,75.44313787,0.003233992421,0.1988922191,1.996132207
636.775,7.684757901,3.177250384,-31.64029587,3.901413941,-0.2790090809,,75.61700205,0.003141167287,0.239320819,1.445612698
636.875,7.673490534,2.678515312,-31.64637169,3.901724508,-0.253513386,,75.73871889,0.002670007468,0.2719506485,0.9577509062
636.975,7.655255022,2.440508305,-31.64995634,3.901960877,-0.2259981155,,75.81509138,0.0003290819214,0.2245526786,0.6157644758
637.075,7.644353901,1.993459612,-31.65558324,3.90169897,-0.2029303794,,75.87496356,-0.006106842299,0.2458681313,0.5832290297
637.175,7.634034151,1.625318499,-31.6595343,3.900871329,-0.1777142168,,75.93270287,-0.01091044694,0.2549932787,0.5735788444
637.275,7.624304724,1.345284931,-31.6624935,3.899621433,-0.1525929264,,75.99028708,-0.01455711363,0.24397272,0.5807157987
637.375,7.614970729,1.135949648,-31.66448559,3.898051798,-0.1291581432,,76.04918853,-0.01722462368,0.2215016278,0.6003336325
637.475,7.606191347,0.9830651417,-31.66751256,3.896247128,-0.1082682763,,76.11049374,-0.01928801586,0.1933608439,0.629051671
637.575,7.597528482,0.8748716892,-31.66848238,3.894260748,-0.09030281779,,76.17498665,-0.0208376355,0.1634098571,0.6642428442
637.675,7.589131153,0.802167214,-31.67030395,3.892133464,-0.07532758176,,76.24321628,-0.02207578421,0.1339110008,0.7038561412
637.775,7.584833106,0.5055606158,-31.67341986,3.889952678,-0.05996441542,,76.31043625,-0.02038597789,0.1809948223,0.5417656002
637.875,7.57622791,0.4519894921,-31.6732342,3.888134547,-0.04382477905,,76.35110566,-0.01609483884,0.1414658769,0.2518270441
637.975,7.567395946,0.3497117575,-31.67560491,3.886693408,-0.03074123905,,76.36411237,-0.01308082367,0.1212092111,-0.008980471406
638.075,7.557884632,0.2124458915,-31.67738236,3.885497029,-0.01905233882,,76.35237465,-0.01122774894,0.1134459014,-0.2407203238
638.175,7.547986685,0.05414116083,-31.67886931,3.884441663,-0.007794357375,,76.31876963,-0.01029243009,0.1123396805,-0.4441349496
638.275,7.537803751,-0.1151853394,-31.68087833,3.883454624,0.003501414423,,76.26607786,-0.009907034069,0.113993687,-0.6204234841
638.375,7.515968715,-0.3591114853,-31.91303235,3.883799412,0.0136290796,,76.19686922,0.06577974925,-0.005911767977,-0.7767677922
638.475,7.516495812,-0.473995722,-31.68593438,3.892532008,0.01060500015,,76.11312725,0.09750174347,-0.038136611,-0.9044518807
638.575,7.515051308,-0.6081601756,-31.68954858,3.89717689,0.01762247858,,76.01813919,0.003051589274,0.1141734237,-1.002827657
638.675,7.49702301,-0.7618230997,-31.68451707,3.896593718,0.02907137627,,75.91386137,-0.01147522258,0.1138026916,-1.087127038
638.775,7.48221371,-1.130983352,-31.68681446,3.895395947,0.04562821482,,75.78880486,-0.01096020428,0.1749334423,-1.467794597
638.875,7.470170855,-1.311740595,-31.6875599,3.894536126,0.06237354573,,75.62475915,-0.00638949708,0.1612816769,-1.836919431
638.975,7.457834544,-1.534270333,-31.69003736,3.894079126,0.07834873635,,75.42584551,-0.003146409734,0.1594424496,-2.161503354
639.083,7.444841051,-1.782215351,-31.69186253,3.89388865,0.0944392551,,75.19648564,-0.001152833416,0.1631652538,-2.442425619
639.183,7.460624952,-2.043992938,-31.66391862,3.879533601,0.1117621256,,74.91995918,-0.3276342677,0.1654195761,-2.669231912
639.283,7.395670421,-2.331430665,-31.70954882,3.864612352,0.1291557504,,74.64226428,-0.03426261018,0.1779542104,-2.891487558
639.383,7.40531676,-2.365507042,-31.69700366,3.863464191,0.1418448769,,74.35831252,-0.0004763028706,0.1161462437,-2.744749553
639.483,7.396921887,-2.550070045,-31.6969606,3.863383276,0.1539604016,,74.09243318,-0.003104176891,0.123898579,-2.556960035
639.583,7.387838028,-2.666494122,-31.69707801,3.862864006,0.1661383972,,73.84543629,-0.007971168,0.1171776476,-2.36783651
639.683,7.380843106,-2.72537476,-31.69633711,3.861925933,0.1808455799,,73.61571184,-0.01114350018,0.1576990737,-2.222664795
639.783,7.373593656,-2.7581486,-31.69600866,3.860746935,0.195293779,,73.39940469,-0.01291794724,0.127961171,-2.093654996
639.883,7.367325837,-2.759592621,-31.69647425,3.859411388,0.2067321479,,73.19584849,-0.01427840481,0.09887078487,-1.968163479
639.983,7.361632029,-2.73796517,-31.69607648,3.857957908,0.2154023146,,73.00463031,-0.01525864461,0.07285966068,-1.847487862
640.083,7.356684987,-2.698674968,-31.69755416,3.856415086,0.221616465,,72.82522197,-0.01605907547,0.05004182253,-1.732580119
640.183,7.35205643,-2.645444111,-31.69777659,3.854803543,0.2256901034,,72.65701436,-0.0166309923,0.03033804443,-1.624091716
640.283,7.347871448,-2.582089345,-31.69823032,3.853139904,0.2279352533,,72.49934687,-0.01709115521,0.01367079361,-1.522390647
640.383,7.343998094,-2.511503634,-31.69832165,3.85143238,0.228643104,,72.35153172,-0.01749588219,-0.0002668460163,-1.427641398
640.483,7.340356417,-2.436020315,-31.6983492,3.849692458,0.2280793971,,72.21287211,-0.01778245438,-0.01153561391,-1.339840984
640.583,7.336875117,-2.357808187,-31.69867256,3.847925907,0.2264928513,,72.08267902,-0.01800902711,-0.02058789821,-1.258850528
640.683,7.333628321,-2.278565074,-31.70025032,3.846136604,0.2240906868,,71.96028181,-0.01820988241,-0.02768973471,-1.184428721
640.783,7.330396219,-2.199356616,-31.70029753,3.844330156,0.2210652299,,71.84503767,-0.01834944039,-0.03300490789,-1.116257332
640.883,7.327187101,-2.121287656,-31.7000333,3.842509599,0.2175741659,,71.73633797,-0.01849760017,-0.03686809569,-1.053965483
640.983,7.278510078,-2.093794805,-31.58860493,3.841686623,0.2114154717,,71.63343918,0.05171191038,-0.1795231316,-1.007923086
641.083,7.410330542,-1.864401492,-32.41689335,3.849504153,0.1914048114,,71.53471733,0.0715969816,-0.1359399697,-0.9588575013
641.183,7.324189431,-1.894934375,-31.70473382,3.85173358,0.1849681575,,71.44168175,-0.01025443892,-0.04609286523,-0.902396899
641.283,7.316825026,-1.675810121,-31.70140774,3.850095406,0.1778675349,,71.35847514,-0.02163047063,-0.1040837849,-0.6604305636
641.383,7.314437934,-1.575531023,-31.70256196,3.847672283,0.1681449615,,71.30931455,-0.02732519884,-0.09025319061,-0.2982243013
641.483,7.313324977,-1.435446054,-31.70349283,3.844778433,0.1594102561,,71.2949194,-0.03103895997,-0.08536805287,0.03187842871
641.583,7.313182266,-1.263933801,-31.70366793,3.84158469,0.1508610494,,71.31201013,-0.03331340467,-0.08641629885,0.3285776268
641.683,7.134438235,-1.170805145,-30.48813106,3.822344109,0.1431055441,,71.35759095,-0.3032767999,-0.01475190927,0.5981366717
641.783,7.299200343,-0.8683139311,-31.7028431,3.806753415,0.135112421,,71.42765103,-0.06268259712,-0.09793367046,0.8193622466
641.883,7.315543392,-0.6579040079,-31.70558728,3.802237513,0.1251296751,,71.51888101,-0.03556505372,-0.1016349047,1.016005569
641.983,7.319507963,-0.4490779452,-31.70454459,3.798849734,0.1148488565,,71.62839454,-0.03342197432,-0.1036198986,1.182201978
642.083,7.322579659,-0.2458620904,-31.70364282,3.795528527,0.1044540932,,71.7531183,-0.03354197065,-0.1039417368,1.318342764
642.183,7.325711079,-0.05255192843,-31.70245803,3.792194762,0.09411409684,,71.89016506,-0.03357025349,-0.1023706137,1.426661958
642.283,7.329106545,0.1284377579,-31.70314869,3.788873553,0.08402416155,,72.03684394,-0.03330984703,-0.09885263843,1.509169188
642.383,7.332453763,0.2944194961,-31.70195334,3.785587373,0.07436395351,,72.19066873,-0.03287234171,-0.09362885477,1.56795132
642.483,7.335712647,0.4443564557,-31.70073512,3.782350469,0.06529828784,,72.34936453,-0.03231580861,-0.08685885964,1.605141557
642.583,7.338992173,0.5771319167,-31.70057168,3.779175509,0.0569644713,,72.51086997,-0.03166555028,-0.07898012125,1.622866589
642.683,7.341980144,0.6926862898,-31.70030533,3.776067819,0.04946694885,,72.67333515,-0.03095986814,-0.07010042131,1.623231164
642.783,7.34472651,0.7906061537,-31.69970138,3.773029175,0.04289053288,,72.83511803,-0.03024923994,-0.0606102678,1.608275464
642.883,7.347256965,0.8717958408,-31.69922714,3.77006593,0.03728460026,,72.99477851,-0.02947869294,-0.05067492283,1.579986854
642.983,7.349348929,0.9362547585,-31.69872616,3.767176788,0.03267509944,,73.15106982,-0.02876550537,-0.04067021339,1.540240581
643.083,7.30731653,1.019300522,-31.70190586,3.785746376,0.02829213965,,73.30171721,0.426617304,-0.04672792731,1.443774037
643.183,7.403138484,1.019334005,-31.70464002,3.832752745,0.02402759378,,73.43803122,0.4520089863,-0.03722607399,1.261482168
643.283,7.402616814,0.9889573549,-31.68479494,3.872483234,0.02126163444,,73.55528488,0.3550049252,-0.01756223722,1.066413451
643.383,7.38992284,0.9467440267,-31.72201735,3.912760479,0.0123379533,,73.65294918,0.5047019875,-0.1848873747,0.8652236861
643.483,7.444337796,0.8951740415,-31.63323097,3.963455642,-0.0003895382738,,73.72869532,0.4470605049,0.00279454477,0.6214073377
643.583,7.439514659,0.7929861303,-31.69170102,4.008958348,0.001206326126,,73.77860407,0.4547552065,0.02421689312,0.3512338486
643.683,7.357227265,0.7075379496,-31.83936084,4.06746158,0.003671120021,,73.80186989,0.81528123,0.02715534464,0.1009574903
643.783,7.364533931,0.5527414124,-31.8986187,4.174705013,0.007075048034,,73.80282453,1.423303504,0.04284569113,-0.08623438197
643.883,7.414836452,0.3056295674,-31.62095137,4.347176938,0.01061216406,,73.78900908,2.101210788,0.05085661575,-0.1784104742
643.983,7.565197614,0.03766624231,-32.09471877,4.583768527,0.01503317823,,73.76966916,2.662841922,-0.06671789764,-0.2037020887
644.083,7.716496554,-0.3805841297,-32.65731884,4.871156366,-0.02052935395,,73.74966137,3.133190274,-0.8398334863,-0.1909797543
644.183,7.867833088,-0.8433355333,-33.06922863,5.209157147,-0.169236079,,73.73173687,3.657223201,-2.382579493,-0.1669707121
644.283,8.194528269,-0.6758402338,-34.52073378,5.588289492,-0.4797950534,,73.71544425,3.870056907,-3.802795835,-0.1603453172
644.383,8.408461838,-0.5526580073,-35.39925706,5.971428143,-0.898455563,,73.6988529,3.740374861,-4.549616005,-0.174635753
644.483,8.540818241,-0.4680309892,-36.03540506,6.332690988,-1.372380587,,73.67976351,3.44493285,-4.911108538,-0.2124052832
644.583,8.603656698,-0.4036415947,-36.4357395,6.662003488,-1.871251782,,73.65576565,3.116429418,-5.049843319,-0.2752117234
644.683,8.613889423,-0.3503724987,-36.63687492,6.960254073,-2.377472231,,73.62430743,2.837611207,-5.058839401,-0.3640866013
644.783,8.591557603,-0.3038201681,-36.69238012,7.23447957,-2.880818008,,73.58276675,2.64636861,-4.993101968,-0.4791533305
644.883,8.554359721,-0.2506737572,-36.65332329,7.493847465,-3.375373326,,73.52854822,2.546651838,-4.872130675,-0.6209600893
644.983,8.546202953,-0.167706382,-36.58256622,7.746448346,-3.847265273,,73.45787441,2.480980383,-4.504213221,-0.8146051478
645.083,8.477817959,-0.1231651367,-36.43965989,7.97865912,-4.274791586,,73.36647264,2.14928698,-4.005017928,-1.038304775
645.183,8.345360657,-0.09017049564,-36.16763598,8.179619952,-4.652578706,,73.25100432,1.873850622,-3.492210084,-1.30181061
645.283,8.207944883,-0.08197634029,-35.85205126,8.359441407,-4.979444545,,73.10731793,1.701978674,-2.992336898,-1.601642518
645.383,8.112113492,-0.05934772329,-35.58972,8.519791605,-5.257683976,,72.93290848,1.477858016,-2.512318777,-1.917483852
645.483,7.983212849,-0.07641261212,-35.36961449,8.653320285,-5.483033791,,72.72576844,1.199122442,-1.973769598,-2.257553376
645.583,7.89768876,-0.1123302781,-35.12420841,8.754740118,-5.659072031,,72.4847988,0.7853980724,-1.53029729,-2.588394162
645.683,7.791125446,-0.1602214578,-34.79577256,8.811775273,-5.796679306,,72.21144904,0.2869406835,-1.224024796,-2.898506729
645.783,7.597676122,-0.2276276975,-33.91555037,8.817424197,-5.909956704,,71.90835678,-0.1990036052,-1.058792089,-3.18245208
645.883,7.369463328,-0.2897112009,-33.07988351,8.785373621,-6.013940154,,71.57771385,-0.4133393628,-1.028285196,-3.45140878
645.983,7.200072854,-0.3629754482,-32.48432735,8.74276695,-6.119290777,,71.22132256,-0.4140292078,-1.102369226,-3.689992083
646.083,7.080664646,-0.4330354726,-32.13785906,8.705489482,-6.236159529,,70.84319843,-0.3135674803,-1.258692172,-3.88038289
646.183,7.044010342,-0.500920376,-32.04295849,8.67960484,-6.371133916,,70.44848407,-0.2272390517,-1.463790479,-4.013123568
646.283,7.03688393,-0.5269792651,-31.9909568,8.649908615,-6.523841423,,70.04383094,-0.4087833012,-1.565631876,-4.080541332
646.383,6.972947156,-0.5768605484,-31.81745728,8.59872904,-6.68236001,,69.63390333,-0.6426972554,-1.585324559,-4.118504362
646.483,6.861050641,-0.6161074283,-31.53752935,8.523802799,-6.841144567,,69.22124576,-0.8478291025,-1.56050017,-4.139495223
646.583,6.762983376,-0.7104328506,-31.28273612,8.434513744,-6.994789285,,68.80640603,-0.9272827193,-1.53705907,-4.154791379
646.683,6.74700333,-0.6909433218,-31.11151121,8.333004014,-7.145654302,,68.39163249,-1.151009472,-1.385056917,-4.1446694
646.783,6.746781155,-0.6545103149,-30.86028496,8.204504383,-7.265664858,,67.97674197,-1.530166961,-0.8434020525,-4.163655102
646.883,6.615292334,-0.8138328311,-30.54238922,8.031865917,-7.320363498,,67.55784471,-1.908219328,-0.2870676888,-4.222317051
646.983,6.537895381,-0.9155238901,-30.27224571,7.83281189,-7.337797682,,67.1326577,-2.085491503,-0.0651953223,-4.286379388
647.083,6.423110461,-1.024104284,-29.98099191,7.61834251,-7.340479181,,66.70155214,-2.180665709,-0.01774994678,-4.339803179
647.183,6.338452049,-1.112920609,-29.76652025,7.401916116,-7.345672876,,66.2656756,-2.125413636,-0.1113962446,-4.377875306
647.283,6.278073103,-1.190080482,-29.63904593,7.195135885,-7.363825714,,65.8272449,-1.991430044,-0.2739008666,-4.386475613
647.383,6.057454876,-1.242402326,-29.52355827,7.02048563,-7.395640618,,65.38683354,-1.306072144,-0.3778573376,-4.43691363
647.483,6.040633701,-1.301134837,-29.83561729,6.931765904,-7.440216011,,64.94192607,-0.3549322812,-0.5214273269,-4.457295627
647.583,5.925686652,-1.358952318,-30.42141761,6.967898762,-7.496677084,,64.49414362,1.312733901,-0.6250005839,-4.498022819
647.683,5.886618897,-1.409735822,-32.07659311,7.21238156,-7.565493946,,64.04195205,3.897030621,-0.7576647074,-4.540768587
647.783,6.396054376,-1.46634279,-35.3894169,7.711878013,-7.649150712,,63.59167024,6.129418874,-0.934883263,-4.429493437
647.883,6.731701176,-1.472168489,-37.07394103,8.398681284,-7.747846275,,63.15776445,7.612705045,-1.020425299,-4.216581603
647.983,7.159608981,-1.490839599,-38.80397151,9.18898504,-7.852290451,,62.75044077,8.06735559,-1.061932054,-3.883738506
648.083,7.622665722,-1.379400695,-40.33610229,9.982203086,-7.950302139,,62.37943032,7.528319339,-0.7592040602,-3.492937134
648.183,7.935576279,-1.3723445,-41.22653215,10.66304193,-7.999331056,,62.05030142,5.785019473,-0.1748401745,-3.044763593
648.283,7.996153265,-1.340447237,-41.18551328,11.13796273,-7.99070345,,61.766068,3.464239232,0.4087884951,-2.614532028
648.383,7.777495211,-1.301442081,-40.24041199,11.37509262,-7.921185282,,61.52070741,1.158547823,1.027607983,-2.293032196
648.483,7.349197732,-1.282322833,-38.76319933,11.41396564,-7.79339976,,61.29901936,-0.316334778,1.548012581,-2.166687279
648.583,6.982031589,-1.261437014,-37.32161,11.35457568,-7.619681236,,61.08107051,-0.7712237732,1.955391735,-2.221175323
648.683,6.740911321,-1.251665042,-36.11630371,11.28278937,-7.407055545,,60.85228073,-0.5693211532,2.310468738,-2.378086124
648.783,6.590129032,-1.273722431,-35.25420876,11.24898844,-7.164329666,,60.60603608,-0.02932672951,2.537344452,-2.562004059
648.883,6.484114546,-1.254475798,-34.22932666,11.27529293,-6.899791205,,60.34153939,0.6025103215,2.798708513,-2.74282626
648.983,6.448780678,-1.26522948,-33.88223015,11.36402583,-6.605071156,,60.05930416,1.236004801,3.119053512,-2.916775887
649.083,6.465496433,-1.292656824,-34.05887886,11.5241118,-6.27904531,,59.75938099,1.995008145,3.418898953,-3.09012014
649.183,6.54423444,-1.366511003,-34.54511808,11.74765876,-5.930684151,,59.44514693,2.499040643,3.524676157,-3.196146437
649.283,6.584008645,-1.361388113,-35.0935171,12.0297699,-5.570302294,,59.12033453,3.195047137,3.729797476,-3.310428597
649.383,6.631055206,-1.417808491,-35.46624732,12.38460843,-5.185696672,,58.78442686,3.942096266,3.971485914,-3.411062572
649.483,6.972862173,-1.52925482,-36.14821581,12.7971301,-4.785392801,,58.44213671,4.092167162,3.995445596,-3.408194418
649.583,7.30976358,-1.601634923,-36.56671339,13.15517248,-4.391408182,,58.10773715,2.68791756,3.867402391,-3.248476687
649.683,7.295589749,-1.648312054,-36.20866169,13.33540211,-4.009711955,,57.79125382,0.7142211664,3.754966804,-3.069355513
649.783,7.391427021,-1.893364181,-35.38591767,13.27960569,-3.650410125,,57.49527642,-2.262480575,3.179457314,-2.798049964
649.883,6.757574123,-1.958681671,-31.95815826,12.9299059,-3.399784298,,57.23182005,-4.739707789,1.706429988,-2.443031498
649.983,6.260966976,-1.83873857,-29.3875944,12.39291952,-3.274603193,,56.99771079,-5.903046451,0.8190426858,-2.260863289
650.083,6.167123504,-1.863976804,-27.73359822,11.77319168,-3.220268284,,56.77400659,-6.688153556,0.1763761123,-2.207655806
650.183,5.928399181,-1.805431995,-26.01758825,11.07292944,-3.228603346,,56.55273699,-7.31719516,-0.3354915163,-2.237883325
650.283,5.672756538,-1.780678832,-24.49105053,10.33264482,-3.275610708,,56.32768189,-7.392907832,-0.5983408375,-2.253224527
650.383,5.499411156,-1.774293598,-23.34399729,9.608421374,-3.341797616,,56.10463299,-6.983119245,-0.7215713331,-2.193769938
650.483,5.044879766,-1.701901404,-22.50965469,8.981388836,-3.406557819,,55.88644432,-5.050773841,-0.4906255181,-2.191952138
650.583,5.091566814,-1.728585753,-22.96184243,8.598931729,-3.441689107,,55.66626106,-2.382157739,-0.1793016221,-2.214857119
650.683,5.402809826,-1.78047754,-24.2605305,8.451441452,-3.449370278,,55.44545962,-0.6074446824,0.0257691444,-2.195508278
650.783,5.715161908,-1.817977248,-25.73836627,8.433399166,-3.442367912,,55.22734969,0.1382068907,0.1136768992,-2.166696613
650.883,6.169093296,-1.85839888,-27.08137576,8.420545116,-3.428889288,,55.01294642,-0.7179974863,0.1468441881,-2.105360364
650.983,6.188907306,-1.866986718,-27.48484841,8.275982425,-3.413261389,,54.80758751,-2.282735632,0.1790135708,-1.997481251
651.083,5.804155802,-1.856274535,-27.11731256,7.998995998,-3.392718731,,54.61037726,-2.986675824,0.2580831935,-1.974584098
651.183,5.448735048,-1.810515248,-26.93136032,7.750120222,-3.35519356,,54.40694464,-1.594565267,0.564297785,-2.130179556
651.283,5.478683908,-1.824667142,-27.60323405,7.679121381,-3.281227864,,54.18611796,0.3468632295,0.9595990742,-2.290611705
651.383,5.727620705,-1.889127554,-28.88574888,7.792166015,-3.166896426,,53.95373525,1.922769226,1.316741292,-2.329225329
651.483,6.027930475,-1.950193158,-30.3389347,8.023821389,-3.027162832,,53.72670378,2.634836747,1.468969039,-2.168301535
651.583,6.198820173,-1.972954035,-31.86334273,8.294935014,-2.876620049,,53.52331221,2.778331755,1.554344656,-1.859235102
651.683,6.247589176,-1.955024295,-33.49343716,8.593149522,-2.710188426,,53.35285586,3.273727158,1.800129876,-1.523219044
651.783,6.432685004,-1.958661694,-35.05853036,8.956833072,-2.516198206,,53.21444443,4.023258588,2.088590973,-1.223151247
651.883,6.631060933,-1.961478089,-35.94885178,9.376822835,-2.297838288,,53.10592024,4.328274615,2.288420901,-0.9261682012
651.983,6.763765948,-1.947711734,-36.54334937,9.809708217,-2.060919779,,53.02627238,4.280865888,2.462894945,-0.6511715554
652.083,6.842135565,-1.923594523,-36.96401623,10.22808565,-1.806852998,,52.97245276,4.047394033,2.632783205,-0.4148952908
652.183,6.881242213,-1.892476018,-37.20875882,10.61946946,-1.535710648,,52.94016302,3.75285499,2.80474168,-0.2251047944
652.283,6.891681518,-1.868184539,-37.30796523,10.98179679,-1.248205019,,52.92476931,3.477820873,2.943840928,-0.07862987572
652.383,7.028846402,-1.828507207,-37.39588329,11.31568152,-0.9477211863,,52.9222425,3.043640227,3.079659917,0.03024812064
652.483,7.089592967,-1.788205499,-37.15342845,11.55605291,-0.633180347,,52.92904624,1.657324606,3.223723126,0.09762856741
652.583,6.882172035,-1.748357291,-36.4478936,11.67826651,-0.3040968664,,52.93931757,0.8220641878,3.36952528,0.09806318971
652.683,6.70115837,-1.716982757,-35.71205729,11.74351759,0.03927340825,,52.94769638,0.533872261,3.506949338,0.06194645085
652.783,6.44146043,-1.693338522,-34.73990958,11.80124477,0.3956663697,,52.95178682,0.7853747974,3.62975505,0.01589592014
652.883,6.387005071,-1.692308967,-34.19231814,11.91439812,0.7615921285,,52.95219707,1.521517827,3.689042426,-0.006611248883
652.983,6.709089314,-1.716000252,-34.3503645,12.08204463,1.132250564,,52.95110511,1.52333748,3.694371331,-0.01968375896
653.083,6.86227545,-1.699592618,-33.92371549,12.1743911,1.497840888,,52.94721635,0.07989368544,3.618339256,-0.07393030812
653.183,6.751181655,-1.687007145,-32.57426699,12.10691087,1.857767858,,52.93531419,-1.609604067,3.58170415,-0.1859193415
653.283,6.490744049,-1.686567871,-30.88042633,11.87217384,2.214747955,,52.90749023,-3.130712312,3.553549899,-0.408196208
653.383,6.207946082,-1.704105126,-29.53738257,11.51020037,2.567536562,,52.85216948,-4.048797316,3.48953186,-0.7391068043
653.483,5.965910083,-1.739087334,-28.27323028,11.09218088,2.911707008,,52.76033928,-4.229530991,3.374695809,-1.136664083
653.583,5.86751273,-1.826203157,-27.31286537,10.67051338,3.2340858,,52.62810336,-4.188519567,3.021519972,-1.539354308
653.683,5.750102751,-1.877729955,-26.54898706,10.26264534,3.520014879,,52.4561009,-3.910143052,2.671164131,-1.922800786
653.783,5.649515319,-1.980931532,-26.06317839,9.892523117,3.769921272,,52.2509037,-3.407436177,2.25621339,-2.168943922
653.883,5.639831064,-2.046475295,-25.89920064,9.57623024,3.97485173,,52.02827578,-2.89567348,1.816886957,-2.275220547
653.983,5.598615239,-2.146801131,-25.92941961,9.313703539,4.137629067,,51.80012773,-2.291949946,1.383754822,-2.266792227
654.083,5.469710441,-2.269317133,-26.13268389,9.121450116,4.251621733,,51.5788507,-1.388044776,0.813937902,-2.119163554
654.192,5.500514634,-2.364808058,-26.86142364,9.039723517,4.306064035,,51.36341771,-0.01616784949,0.1298143387,-1.819237814
654.292,5.578564643,-2.470784311,-27.92736517,9.100410139,4.281558597,,51.20100321,1.28958103,-0.6993417082,-1.359218297
654.4,5.682945097,-2.684335964,-29.28639167,9.287720252,4.149683102,,51.09711536,2.530545765,-2.187923379,-0.601888299
654.508,6.051440095,-2.830822052,-31.07503185,9.596848767,3.810747848,,51.08315978,3.038288326,-4.323416573,0.4602991421
654.575,6.331383286,-2.889441486,-32.71732108,9.820914988,3.430247252,,51.14488816,2.831772267,-6.058205391,1.288676492
654.675,6.560584557,-2.557583814,-34.41120993,10.07464985,2.742626549,,51.32311276,2.160368699,-7.635841646,2.34500734
654.775,6.658312618,-2.264632419,-35.18804664,10.25849731,1.931587314,,51.60233947,1.470320633,-8.49465109,3.295312692
654.875,6.667622217,-1.908510083,-35.30451062,10.37958494,1.077398941,,51.96898333,0.9355044978,-8.450621921,4.070400563
654.975,6.876650234,-1.33895196,-35.04473391,10.43658099,0.2853094651,,52.40071829,-0.05466744468,-6.970953892,4.536459947
655.075,6.961531424,-0.9053737777,-33.72225727,10.33366518,-0.2935372798,,52.86114059,-2.350135559,-4.184936849,4.606154296
655.175,6.649779216,-0.6535217318,-31.39238079,10.01201637,-0.5819868431,,53.31161436,-4.17786843,-1.24963105,4.296065342
655.275,6.330477116,-0.5225230509,-29.67571083,9.530442995,-0.5744772359,,53.709834,-5.405575854,1.61560419,3.525569152
655.375,6.035375514,-0.6410905133,-27.99887877,8.970276921,-0.3047046938,,54.01192292,-5.683652945,3.764579257,2.383102777
655.475,5.852469645,-0.7308849216,-26.68747373,8.4144917,0.1341289578,,54.19034668,-5.326067037,4.984203696,1.075213181
655.575,5.719808474,-0.832015438,-25.81459521,7.911367258,0.6630940063,,54.24122712,-4.623016398,5.548834057,-0.126308603
655.675,5.376917496,-1.025603592,-25.22736673,7.495942162,1.221605758,,54.1807584,-3.288358191,5.468980526,-1.111796425
655.775,5.173119562,-1.136446469,-25.53450041,7.291360788,1.732499709,,54.03761449,-0.4135042656,4.679465142,-1.763227553
655.875,5.231102871,-1.218407228,-27.00343151,7.405546881,2.167758667,,53.83894881,2.986003387,3.965329735,-2.22476236
655.983,5.769498492,-1.323890483,-29.79180091,7.882681517,2.565036129,,53.58070135,5.678409937,3.321929136,-2.508554768
656.083,6.168846973,-1.483911324,-32.56760336,8.51894877,2.866802522,,53.33092455,6.972155399,2.646811678,-2.433835964
656.183,6.699041129,-1.656172614,-36.68476854,9.237838813,3.094899934,,53.1005942,7.315634013,1.816843282,-2.134365965
656.283,6.971680939,-1.759197155,-38.13801862,9.957877714,3.235007151,,52.90290514,6.961065619,0.9401133399,-1.789780451
656.383,7.241302341,-1.827846201,-39.14969369,10.60840524,3.297500757,,52.73906864,5.803896658,0.2808184285,-1.46789629
656.483,7.277508704,-1.895954125,-39.48799502,11.1252264,3.299530601,,52.606715,4.38665909,-0.2918426234,-1.152022056
656.583,7.188523644,-1.8957774,-39.32361144,11.50832969,3.249365721,,52.50650272,3.224981286,-0.7051807131,-0.8248223987
656.683,7.325760937,-1.856430469,-39.00309321,11.76768103,3.170780309,,52.4374258,1.712094308,-0.8267238612,-0.5486260354
656.783,7.161408976,-1.832982864,-37.99553675,11.8375979,3.092776336,,52.39121271,-0.3676571722,-0.7163626619,-0.3623944167
656.883,6.730661796,-1.815820865,-36.32819555,11.74359576,3.026852116,,52.36413532,-1.419258115,-0.5866889238,-0.157356866
656.983,6.333078418,-1.786386736,-33.73429448,11.58822556,2.976093278,,52.35894711,-1.601222445,-0.4051013528,0.07445015675
657.083,6.134107733,-1.778886621,-32.13203498,11.43722476,2.94462281,,52.37578964,-1.357697485,-0.2229424069,0.2686749091
657.183,6.078192512,-1.76832181,-31.59085785,11.318721,2.928146541,,52.4096952,-0.9705897664,-0.1092818899,0.4145830704
657.283,6.062148308,-1.73939999,-31.30533687,11.24008613,2.920860072,,52.45654371,-0.5764092806,-0.02516463082,0.5252423017
657.383,6.076270549,-1.714026668,-31.20895781,11.19818464,2.922854536,,52.51299672,-0.2497730427,0.07474356939,0.6057290301
657.483,6.06630911,-1.755387074,-31.21029712,11.18498135,2.934361714,,52.57652915,0.02344154956,0.09608538423,0.6767961687
657.583,6.013184006,-1.730656924,-31.28009085,11.20380542,2.935165602,,52.64909878,0.4638778154,-0.09206490333,0.7899441144
657.683,6.099029955,-1.677191177,-31.63006286,11.28098817,2.917866535,,52.73479285,1.07750832,-0.2386588894,0.9346290786
657.783,6.210802245,-1.624578862,-32.09070368,11.40390457,2.892937299,,52.83451497,1.353739471,-0.242859055,1.068269485
657.883,6.432058061,-1.577628288,-32.71619754,11.52720076,2.871394811,,52.94608929,0.976599134,-0.1747162393,1.161454543
657.983,6.488404689,-1.526730609,-32.7416088,11.58590472,2.858571558,,53.06408471,0.113696751,-0.06627004154,1.190222725
658.083,6.377054241,-1.476315601,-32.21392152,11.56711582,2.858318034,,53.1825796,-0.481604613,0.07752019228,1.169701576
658.183,6.296529494,-1.433767698,-31.8254622,11.50355026,2.873122262,,53.29689493,-0.7704318852,0.2307025155,1.10316955
658.283,6.23458197,-1.398979849,-31.45671018,11.42196444,2.902818163,,53.40261503,-0.8382433163,0.3720349056,0.9957203673
658.383,6.19125281,-1.373357608,-31.16665333,11.34051769,2.945632794,,53.49607071,-0.7692908329,0.4894743578,0.8571449105
658.483,6.199879606,-1.402886883,-30.99150056,11.26698851,2.996627704,,53.5748272,-0.7298785993,0.4726602962,0.7079356091
658.583,6.174982378,-1.367879207,-30.82391393,11.19532705,3.038635895,,53.63909241,-0.6909969375,0.3727554908,0.5633690564
658.683,6.161971792,-1.351030446,-30.71500198,11.12965288,3.073482245,,53.68860809,-0.6130330609,0.3247381118,0.4137295173
658.783,6.157555891,-1.346267349,-30.65895279,11.07236655,3.104336755,,53.72319668,-0.5265198526,0.2896792067,0.2660849769
658.883,6.158321988,-1.350003992,-30.64363618,11.02339136,3.131551266,,53.74334666,-0.4497558164,0.2496720872,0.1265297013
658.983,6.161374931,-1.359903824,-30.65539114,10.98129433,3.15425107,,53.75009865,-0.3912379294,0.1978372076,-0.0001225540583
659.083,6.164655215,-1.374274159,-30.68201298,10.94412822,3.171167239,,53.74491296,-0.3526843252,0.1330170962,-0.1103991058
659.183,6.166920192,-1.391773836,-30.71418748,10.90997725,3.181063506,,53.72953855,-0.3318345424,0.05691864114,-0.2020818759
659.283,6.167626576,-1.411271339,-30.74578713,10.87724777,3.182943648,,53.7058944,-0.3246707911,-0.02744210496,-0.2740536023
659.383,6.166700313,-1.431782051,-30.77344714,10.84476989,3.176139241,,53.6759672,-0.3269004749,-0.1165894373,-0.3261260404
659.483,6.164408377,-1.452443098,-30.79596226,10.81178152,3.160331957,,53.64172629,-0.3348112137,-0.2070533641,-0.3588724648
659.583,6.161140922,-1.47249956,-30.81342398,10.77784977,3.13554034,,53.60505438,-0.3456250731,-0.2956155857,-0.3734801495
659.683,6.157309943,-1.491304029,-30.82662174,10.74277588,3.102088139,,53.56769219,-0.3574974233,-0.37943632,-0.3716217021
659.783,6.153286578,-1.508318484,-30.83657922,10.7065092,3.060563191,,53.5311953,-0.3693470783,-0.4561175924,-0.3553408862
659.883,6.149336013,-1.523116159,-30.84427142,10.66908116,3.011771724,,53.49690178,-0.3806187342,-0.5237314431,-0.3269494825
659.983,6.18309371,-1.535548978,-30.8773942,10.63019124,2.956685172,,53.46589094,-0.4345064836,-0.5814835878,-0.2912111037
660.083,6.184705209,-1.544442741,-30.82575519,10.57369728,2.896174333,,53.43802443,-0.7091894826,-0.6305993746,-0.2647510036
660.183,6.143380446,-1.550411318,-30.68486757,10.49457855,2.831396769,,53.41279486,-0.8675104291,-0.6657458846,-0.2385126241
660.283,6.109395631,-1.554803477,-30.54096251,10.40450296,2.763661675,,53.39010041,-0.9258887259,-0.6893039898,-0.2145076592
660.383,6.085220883,-1.558182453,-30.42334984,10.31183239,2.693985998,,53.36967034,-0.9196698071,-0.7043097114,-0.1934935633
660.483,6.070383952,-1.560751584,-30.34336814,10.22155657,2.623107786,,53.35121255,-0.8796600908,-0.713159697,-0.1751990102
660.583,6.062954394,-1.562515542,-30.30050907,10.13594012,2.551566844,,53.33448131,-0.828600796,-0.7173469523,-0.1590410408
660.683,6.029659554,-1.524628195,-30.26869905,10.05789573,2.485437596,,53.31852977,-0.6848182302,-0.5682025816,-0.164635818
660.783,6.048499179,-1.52830381,-30.33622971,9.996873935,2.437276448,,53.3012352,-0.5360202436,-0.368422171,-0.1874672174
660.883,6.065502804,-1.554694524,-30.42928902,9.947550359,2.407039052,,53.28135607,-0.4539534185,-0.242446174,-0.2114515544
660.983,6.054008679,-1.545594586,-30.52150369,9.910237957,2.391194399,,53.25887916,-0.2828412773,-0.05605038436,-0.2425279723
661.083,6.011894391,-1.563212686,-30.62679949,9.889615322,2.391963683,,53.23345776,-0.05533152375,0.08150017967,-0.2650848612
661.183,6.032819323,-1.568012606,-30.847402,9.897865333,2.406347678,,53.20643912,0.2462722403,0.2172601156,-0.2743654137
661.283,6.075352163,-1.591078542,-31.15963913,9.940809235,2.435161087,,53.17927678,0.6110534418,0.3549507307,-0.2644962348
661.383,6.078652414,-1.569963609,-31.47385085,10.01306245,2.475727506,,53.15409718,0.8948221157,0.5113721063,-0.2374513333
661.483,6.113040111,-1.603844397,-31.88263434,10.12383757,2.536724734,,53.1324501,1.356145603,0.7157467592,-0.1860791545
661.583,6.061765129,-1.598688647,-32.33358041,10.28967601,2.619673216,,53.11762706,2.085430445,0.9750758617,-0.09490104853
661.683,6.232111687,-1.62504172,-33.49103244,10.52607568,2.7287027,,53.11387008,2.641502592,1.212101053,0.03633900708
661.783,6.359404904,-1.625634883,-34.61108612,10.81399988,2.858618802,,53.12532713,3.13926746,1.42326039,0.2071624209
661.883,6.430299251,-1.587914217,-35.58343822,11.14651398,3.012226684,,53.15348166,3.563394819,1.727169099,0.3598779262
661.983,6.587089129,-1.599982066,-36.57066113,11.52684177,3.209275445,,53.19483777,4.026622585,2.251921077,0.4671550587
662.083,6.706386911,-1.639651236,-37.09531937,11.93844976,3.45308327,,53.2453809,4.175882406,2.642907775,0.5426590611
662.183,6.78090643,-1.686577113,-37.39598559,12.35500526,3.728636044,,53.30257762,4.12658351,2.856559162,0.6024202414
662.283,6.825387283,-1.705849143,-37.58294214,12.76129359,4.01995377,,53.36527785,3.976592753,2.977458419,0.6505697053
662.383,6.906032717,-1.704199322,-37.69085764,13.14590253,4.324845734,,53.4315481,3.61171028,3.145284426,0.6634096981
662.483,6.896155692,-1.721456836,-37.58322282,13.48642562,4.647496851,,53.49743952,3.15122895,3.314967421,0.6473394979
662.583,6.897537374,-1.744661283,-37.3638407,13.78261486,4.983013404,,53.56151492,2.700867881,3.395732253,0.6263583673
662.683,6.880403643,-1.760317031,-36.9952126,14.02275694,5.327628027,,53.62184094,2.018637748,3.501931999,0.5684015811
662.783,6.731465611,-1.796705263,-36.41560768,14.20291882,5.679704797,,53.67689129,1.616277744,3.528494864,0.5365959123
662.883,6.640229111,-1.824946334,-35.5195035,14.35039592,6.031366825,,53.73012628,1.30893693,3.496280735,0.5290041057
662.983,6.557549576,-1.852058815,-34.59903793,14.4659554,6.37847979,,53.7832229,0.9700617708,3.437435837,0.5343023274
663.083,6.432115221,-1.879139762,-33.76307857,14.55413854,6.719147879,,53.8383362,0.8148604296,3.369247978,0.5780395187
663.183,6.482702161,-1.953032235,-33.20326031,14.62692997,7.050374885,,53.89899102,0.4890174787,3.183686655,0.6297905071
663.283,6.43946304,-2.008497628,-32.44713679,14.64470332,7.347424121,,53.96341948,-0.2217052198,2.697746518,0.6566768114
663.383,6.32011401,-1.996417256,-31.52498689,14.59796703,7.598965012,,54.03047188,-0.7294461326,2.322636162,0.6851161741
663.483,6.279890225,-1.993292004,-30.98227757,14.50561934,7.815955237,,54.10001086,-1.174096579,2.01037252,0.6983814922
663.583,6.161108906,-1.989494259,-30.37348378,14.37172663,8.006996109,,54.16960002,-1.477414952,1.808238308,0.6944733542
663.683,6.073056179,-1.99606124,-29.84455268,14.22009464,8.181041702,,54.23917877,-1.528096494,1.66792978,0.6984856933
663.783,6.018935139,-2.00955664,-29.44302608,14.07062104,8.342493197,,54.30949022,-1.439477497,1.554476456,0.7098611167
663.883,6.028256237,-2.027753591,-29.19894166,13.93264961,8.49309858,,54.3812862,-1.340118953,1.448373354,0.7239395244
663.983,6.001891716,-2.047720503,-28.99050522,13.79889876,8.632958029,,54.45396529,-1.327258411,1.340563268,0.732776098
664.083,5.987517902,-2.068592175,-28.84211685,13.66785232,8.762161864,,54.52825485,-1.289433037,1.235380004,0.7573926783
664.183,5.981781691,-2.106704366,-28.74850345,13.54061092,8.877940854,,54.60617243,-1.255414279,1.054391497,0.8102042961
664.283,5.982154812,-2.115983063,-28.69300419,13.41599566,8.975939131,,54.69033823,-1.239626585,0.9013348981,0.8807200549
664.383,5.98504526,-2.127022734,-28.66299446,13.29193765,9.060629273,,54.78210068,-1.246283687,0.7886535828,0.9627372507
664.483,5.988377921,-2.137177333,-28.64551121,13.16623331,9.135393082,,54.88251007,-1.273636731,0.7037697636,1.054009339
664.583,5.990993977,-2.145046908,-28.63176515,13.03702783,9.202706126,,54.99237349,-1.316637732,0.6408495535,1.151901386
664.683,5.992106168,-2.174650309,-28.61940118,12.90302758,9.264348889,,55.11225692,-1.369877479,0.5658284049,1.257718607
664.783,5.915485209,-2.20088829,-28.60052514,12.77718774,9.310668803,,55.24668355,-1.086221135,0.3332923206,1.460336227
664.883,5.852001795,-2.203943896,-28.72835417,12.68973031,9.334289374,,55.40467884,-0.5465594072,0.1111807539,1.74383466
664.983,5.975143466,-2.173333299,-29.15520661,12.65830681,9.335718694,,55.59368132,-0.1079957951,-0.07241563847,2.055849978
665.083,6.08131652,-2.135112741,-29.60361887,12.65514646,9.325522663,,55.81224803,0.01029193929,-0.1166656473,2.332344358
665.183,6.124660775,-2.118178037,-29.96637063,12.65567503,9.314497872,,56.057454,0.008533558063,-0.1136356467,2.597240978
665.283,6.191546394,-2.075587889,-30.32169614,12.65312786,9.304088329,,56.32883207,-0.08935142117,-0.08672736664,2.845066068
665.383,6.195036954,-2.100876374,-30.74501508,12.64406897,9.283141045,,56.62668517,-0.06158440706,-0.3849549297,3.145418413
665.483,6.266319101,-2.099533975,-31.14415377,12.63754611,9.221452631,,56.95596487,-0.09131695187,-0.9313152389,3.468829834
665.583,6.296339904,-1.948295441,-31.43443547,12.62972328,9.10987285,,57.31757762,-0.06926764076,-1.257129366,3.778412048
665.683,6.349486994,-1.816052172,-31.67804759,12.62133004,8.982538615,,57.70685746,-0.1118762607,-1.248515311,4.013512501
665.783,6.384516991,-1.701103987,-31.81668846,12.60702742,8.865309717,,58.11604773,-0.1826541708,-1.059173233,4.169361054
665.883,6.405817231,-1.59651329,-31.86453779,12.5856801,8.77176797,,58.53722071,-0.2482431159,-0.7779632908,4.24779376
665.983,6.418898598,-1.500343637,-31.85110266,12.55868327,8.708507173,,58.96293589,-0.2920148218,-0.4568525212,4.255439889
666.083,6.428266356,-1.412690918,-31.80575236,12.5285192,8.677905444,,59.38643139,-0.3090577226,-0.128469597,4.199298368
666.183,6.436759743,-1.334373959,-31.75096771,12.49780677,8.679633229,,59.80166937,-0.3014347446,0.1856454457,4.086917721
666.283,6.445710571,-1.266327234,-31.70083441,12.46878745,8.711548939,,60.20339627,-0.2743871472,0.4708929169,3.926489263
666.383,6.600698959,-1.369100173,-31.70382796,12.42978093,8.755269638,,60.58680653,-0.6776573978,0.232022808,3.713830252
666.483,6.510857977,-1.341935955,-31.26093333,12.33739596,8.749941591,,60.94899535,-1.16455716,-0.4256907039,3.524729997
666.583,6.433964023,-1.231632406,-30.75726751,12.20822665,8.679944256,,61.29422155,-1.405516588,-0.9809679282,3.367647694
666.683,6.380565443,-1.119888292,-30.33137023,12.06331989,8.565570207,,61.62386266,-1.478004235,-1.29100599,3.209175672
666.783,6.37257241,-1.031245357,-30.00828638,11.91045582,8.429638171,,61.93609097,-1.579461425,-1.408020466,3.013911244
666.883,6.408795237,-0.971233499,-29.80492813,11.74891191,8.288245227,,62.2275182,-1.715314945,-1.409780892,2.782248366
666.983,6.438639938,-0.8966756582,-29.58691491,11.55465501,8.155459818,,62.49059844,-2.22364895,-1.216398048,2.43917165
667.083,6.344765725,-0.8872310666,-29.19021475,11.31705636,8.040914266,,62.71859077,-2.504542034,-1.075301022,2.094034083
667.183,6.18224631,-0.9043230735,-28.79549633,11.07378262,7.935731082,,62.91466769,-2.235509679,-1.05869057,1.822630733
667.283,6.158732458,-0.9086167858,-28.68872934,10.87484971,7.826140135,,63.08719819,-1.709276283,-1.140926106,1.612215886
667.383,6.157914146,-0.9245017163,-28.754657,10.72367375,7.708211844,,63.23912037,-1.273305857,-1.236902146,1.41606643
667.483,6.035895381,-0.9315942293,-28.90584379,10.63212247,7.57897897,,63.37545791,-0.3816142071,-1.351231206,1.323729618
667.583,6.133985756,-0.9490745978,-29.4852696,10.63998584,7.439143208,,63.5063258,0.6045954525,-1.454045458,1.298914611
667.683,6.296147622,-0.9641529369,-30.51228229,10.73278338,7.290842327,,63.63539566,1.256373718,-1.520634838,1.283644325
667.783,6.486568383,-0.9892231925,-31.76727242,10.87354105,7.134248156,,63.76316489,1.520095352,-1.624670191,1.269692329
667.883,6.549106264,-1.006736814,-32.65295858,11.02952928,6.966466569,,63.88937819,1.643761216,-1.739283733,1.259272681
667.983,6.611770979,-1.020097552,-33.40458762,11.20807338,6.78780398,,64.0162692,1.958117523,-1.840691971,1.2829991
668.083,6.697046875,-1.042070456,-34.08284748,11.41451006,6.599325257,,64.14559727,2.190164785,-1.94710699,1.308320835
668.183,6.747207068,-1.040269986,-34.38626767,11.64498511,6.399163033,,64.27817541,2.409338428,-2.057605871,1.34392969
668.283,6.887712557,-1.007165855,-34.72606467,11.88601539,6.191650501,,64.41294315,2.310071969,-2.053339776,1.335515087
668.383,6.971345862,-0.984387307,-34.86103857,12.08484394,5.995181877,,64.54153346,1.6075349,-1.85865283,1.222035051
668.483,6.957123972,-0.997229628,-34.72930896,12.21266325,5.816719337,,64.65771182,0.8920845073,-1.702987418,1.087412726
668.583,6.931569794,-0.9955117114,-34.4169281,12.26803887,5.653621743,,64.75947926,0.1329673998,-1.547451195,0.9293894126
668.683,6.898284243,-0.9814168931,-33.6829141,12.24040765,5.506174477,,64.84392336,-0.7996356378,-1.376606047,0.7351231251
668.783,6.665998024,-0.9538395095,-32.29290125,12.12561149,5.379723791,,64.90842324,-1.500587977,-1.097103873,0.5372748357
668.883,6.486776601,-0.8606122361,-31.01972391,11.95721416,5.294730431,,64.95246682,-1.867986762,-0.4500449056,0.3067561409
668.983,6.327730612,-0.9542893456,-29.98605266,11.76447844,5.279556746,,64.97098919,-1.949671348,0.1439320637,0.04163606627
669.083,6.253726437,-1.055229625,-29.57822728,11.57361917,5.309952176,,64.96342566,-1.835881243,0.4346045292,-0.2093204772
669.183,6.20582997,-1.135405457,-29.30514896,11.39907891,5.356926593,,64.9322867,-1.629913168,0.4783932805,-0.4254913062
669.283,6.178533163,-1.206735903,-29.15797664,11.24653617,5.4012344,,64.88142884,-1.404149727,0.3825589535,-0.5991167406
669.383,6.167651567,-1.273957213,-29.11239238,11.1156021,5.431962893,,64.8153579,-1.205725482,0.2078212947,-0.7252537237
669.483,6.166157879,-1.338416356,-29.13729984,11.00228845,5.443050725,,64.73894476,-1.05819504,-0.008922178864,-0.8017224232
669.583,6.168691096,-1.39974045,-29.20295983,10.90111721,5.431487867,,64.65715824,-0.9674458383,-0.2433347183,-0.8289117083
669.683,6.171657565,-1.456849133,-29.28543512,10.80658591,5.396341485,,64.57482237,-0.9281589446,-0.4782091051,-0.8094535278
669.783,6.17306907,-1.508501358,-29.36806145,10.71402618,5.33817619,,64.49641059,-0.9292932116,-0.700903219,-0.7478110523
669.883,6.172154737,-1.553581181,-29.44106266,10.61997893,5.258660769,,64.42588286,-0.9581039208,-0.9021139823,-0.6498338977
669.983,6.168982373,-1.591232777,-29.50019643,10.52223615,5.160266656,,64.36656727,-1.002699955,-1.075233814,-0.5223161163
670.083,6.164069092,-1.620910427,-29.54509495,10.41968683,5.046018404,,64.321085,-1.053353409,-1.215938455,-0.3725799355
670.183,6.158142041,-1.642384185,-29.57770157,10.31207421,4.919280731,,64.29131483,-1.102932026,-1.321860216,-0.2081040364
670.283,6.06853364,-1.591971733,-29.56841048,10.21043402,4.792992208,,64.27809981,-0.8329594709,-1.134453699,-0.04367046065
670.383,6.090411743,-1.629117751,-29.76318716,10.14642053,4.691155793,,64.28143501,-0.4401206306,-0.9050972901,0.1246042383
670.483,6.093636782,-1.606027803,-30.02855498,10.12140909,4.611067428,,64.30194783,-0.01693355041,-0.6384894811,0.2971009651
670.583,6.156892918,-1.625585954,-30.49895027,10.13873957,4.566400248,,64.33888507,0.3575750202,-0.2498424582,0.4544165174
670.683,6.153503952,-1.586724118,-31.08873519,10.18569979,4.558317252,,64.39124915,0.6735662989,0.1769026601,0.603524619
670.783,6.189982975,-1.569422838,-31.77759549,10.2803885,4.602856806,,64.45855318,1.29345203,0.7722778218,0.7553396808
670.883,6.318020781,-1.584420796,-32.62803561,10.43540362,4.708263206,,64.54052582,1.828741706,1.373078013,0.8885387687
670.983,6.429782294,-1.61023011,-33.43752719,10.63530951,4.872686668,,64.63366688,2.189105732,1.927136095,0.9775418885
671.083,6.527062342,-1.656236468,-34.16628196,10.86937329,5.084171231,,64.73505404,2.483551755,2.294577918,1.052538774
671.183,6.561807383,-1.678845299,-34.63911252,11.13142226,5.323300254,,64.84399052,2.793640799,2.494827775,1.13216689
671.283,6.623731282,-1.70875602,-34.96731379,11.42519536,5.579732918,,64.96105375,3.07161237,2.627703551,1.212195537
671.383,6.706724217,-1.730614048,-35.29506444,11.73655501,5.84557602,,65.08543076,3.129088839,2.683652049,1.275946264
671.483,6.760141543,-1.740196389,-35.54269935,12.0463663,6.117003707,,65.21523097,3.04326396,2.743173806,1.319355658
671.583,6.788187225,-1.759178628,-35.69725887,12.34400477,6.392333457,,65.34890339,2.890756734,2.757806633,1.354238713
671.683,6.834690535,-1.77487215,-35.79030901,12.62506308,6.667739,,65.4858814,2.68317659,2.744234483,1.382222672
671.783,7.166587867,-1.808279252,-35.88824907,12.8403436,6.93856108,,65.62005255,1.276614283,2.628575732,1.258585805
671.883,7.012421674,-1.796321883,-35.17780381,12.87868531,7.193472214,,65.73589835,-0.5697579819,2.468206927,1.043716874
671.983,6.657177954,-1.784703732,-33.69203299,12.76953379,7.435748041,,65.83330579,-1.551322001,2.3830337,0.9098928402
672.083,6.347552772,-1.780892418,-31.75798383,12.59693829,7.672930845,,65.92175231,-1.83964113,2.367737847,0.868630843
672.183,6.202361751,-1.824553296,-30.43871355,12.41460744,7.907891628,,66.00808224,-1.793265555,2.286064754,0.8559924119
672.283,6.171448753,-1.838911924,-29.85310939,12.23136329,8.12887819,,66.09156161,-1.893889525,2.112835218,0.8044612841
672.383,6.091021892,-1.849112394,-29.40105114,12.04193488,8.333081366,,66.16953429,-1.864912944,1.965544467,0.7522945967
672.483,6.039254045,-1.881729191,-29.08060533,11.86163891,8.523698801,,66.24280918,-1.717078377,1.825686646,0.7135757045
672.583,6.102967949,-1.946364325,-28.93004542,11.68972841,8.690934706,,66.31289382,-1.795585165,1.470071251,0.6810731775
672.683,6.042960731,-1.945451536,-28.67792774,11.50243314,8.823149975,,66.37946946,-1.938224769,1.17080668,0.651702165
672.783,5.998095713,-1.965373566,-28.46635482,11.30674425,8.92817491,,66.44444987,-1.963279818,0.9208955268,0.6515116242
672.883,5.968512073,-1.980257595,-28.31427751,11.11195734,9.01160309,,66.5103382,-1.922326677,0.7420939985,0.6703217751
672.983,5.951238231,-2.000100444,-28.22439288,10.92274123,9.079260556,,66.57886719,-1.855172519,0.6049629859,0.7053349799
673.083,5.942747394,-2.021634481,-28.18762323,10.74039368,9.134426835,,66.65158192,-1.788314209,0.4924947352,0.7549650584
673.183,5.939682538,-2.042773909,-28.19044768,10.56412975,9.179175115,,66.72987365,-1.736301928,0.3973440774,0.8176583797
673.283,5.93914837,-2.074431171,-28.22035451,10.39215306,9.214962796,,66.81498582,-1.704827024,0.3014559975,0.8937266823
673.383,5.819070011,-2.368583384,-28.25145571,10.23257079,9.215978221,,66.91382388,-1.368852379,-0.6210835973,1.170545402
673.483,5.878581958,-2.24488639,-28.55986633,10.11960447,9.102207954,,67.05073497,-0.8954938124,-1.643636892,1.600473385
673.583,5.974894196,-2.145709164,-28.99576278,10.0406102,8.907576391,,67.22975193,-0.7134391503,-2.221078012,2.005279664
673.683,6.051849475,-2.059636498,-29.40444761,9.969341185,8.673676888,,67.44703894,-0.7424712564,-2.427344444,2.360887536
673.783,6.104075568,-1.981831178,-29.72285746,9.889108484,8.430205442,,67.69753336,-0.8878888644,-2.412475467,2.664640434
673.883,6.097670412,-1.866586668,-29.90405114,9.792390117,8.195395822,,67.97591472,-1.029517405,-2.212870929,2.913657009
673.983,6.126005124,-1.657940017,-30.04670157,9.688196264,8.006989026,,68.27443857,-1.0596073,-1.370523195,3.037171033
674.083,6.136779902,-1.66661521,-30.14503759,9.580951643,7.913906824,,68.57927922,-1.086586022,-0.479338235,3.050912121
674.192,6.059192422,-1.914842907,-30.21876879,9.475547205,7.879554882,,68.91226199,-0.7642598496,-0.4603227544,3.142826727
674.292,6.160384037,-1.770605694,-30.47711557,9.411878365,7.804824037,,69.23412692,-0.5513063979,-1.020684819,3.294920746
674.392,6.280754678,-1.662034619,-30.70241926,9.342285644,7.684652567,,69.56664061,-0.9221697855,-1.381502219,3.346357153
674.492,6.292049947,-1.576846419,-30.70879627,9.233692408,7.539938273,,69.9016719,-1.286502664,-1.530369841,3.347270966
674.592,6.234916668,-1.497393205,-30.53735956,9.084132139,7.378689397,,70.23460824,-1.676245709,-1.716617035,3.309906215
674.692,6.10302584,-1.421471217,-30.30672946,8.920498289,7.199986013,,70.56528329,-1.488525507,-1.876067626,3.311039661
674.792,6.109916511,-1.307788289,-30.32895199,8.794683293,7.004106646,,70.89774899,-1.001727094,-2.011099934,3.330208775
674.892,6.170641889,-1.200269164,-30.51545982,8.711577191,6.805241518,,71.22928074,-0.6584136553,-1.935254393,3.285401506
674.992,6.228414677,-1.021226604,-30.74054567,8.656508712,6.632839068,,71.55169612,-0.4442403636,-1.383537844,3.126483849
675.092,6.301976721,-1.018203621,-30.98639216,8.615921067,6.519973035,,71.85397717,-0.4147932131,-0.8810398861,2.889861673
675.192,6.146872014,-1.104177757,-31.04240548,8.580172266,6.43150865,,72.13398155,-0.1014059261,-0.9948577443,2.728089669
675.292,5.994079155,-1.019837998,-31.30453074,8.617762802,6.321124404,,72.40472424,1.112548799,-1.189124323,2.703806837
675.392,6.139319572,-0.9738187948,-32.73636527,8.804773814,6.200345151,,72.67706734,2.752212933,-1.226511364,2.752742832
675.492,6.660315316,-1.028408571,-34.81604663,9.132868033,6.070980004,,72.95413844,3.619198118,-1.477095037,2.773167336
675.592,7.059648228,-0.9479655771,-36.17446271,9.461347872,5.898459408,,73.22600141,2.722231553,-1.967700714,2.628728994
675.692,7.090767686,-0.8519622637,-36.27429923,9.678482196,5.690541165,,73.47885604,1.509551151,-2.170769117,2.400125514
675.792,6.982357195,-0.8432672672,-35.52403135,9.769462648,5.465038297,,73.70696977,0.2509929324,-2.384098541,2.145387395
675.892,6.743034219,-0.7699506762,-34.30641721,9.757347385,5.214871729,,73.9118336,-0.4611443895,-2.612624737,1.940673633
675.992,6.600106241,-0.6997816935,-33.21485987,9.696336548,4.950341695,,74.09745343,-0.7582063763,-2.658241698,1.75312872
676.092,6.60314835,-0.6453861768,-32.27506877,9.593610382,4.688156027,,74.26162932,-1.425391826,-2.571379191,1.495393413
676.192,6.579623739,-0.6207375592,-31.58364061,9.401205912,4.434874298,,74.39646287,-2.483643693,-2.490084244,1.168199165
676.292,6.42578766,-0.6296192725,-30.68130695,9.122461096,4.18796868,,74.49857309,-3.115083989,-2.476104349,0.8475123697
676.392,6.226374565,-0.703114957,-29.74112802,8.795429832,3.927619016,,74.57114744,-3.364728286,-2.829137961,0.601708003
676.492,6.134513073,-0.6722811895,-29.00684068,8.462598754,3.627204855,,74.62277721,-3.271629034,-3.198398638,0.4194895981
676.592,6.082710581,-0.6872805886,-28.47532258,8.142535998,3.28993146,,74.65833716,-3.122166513,-3.605637407,0.291134144
676.692,5.806609934,-0.7288414149,-27.94611663,7.843640836,2.907815973,,74.684594,-2.587560782,-4.133253128,0.2616133562
676.792,5.656130575,-0.7081230482,-27.94482809,7.647564548,2.466635216,,74.71520353,-1.058684916,-4.722108358,0.3757980611
676.892,5.821335814,-0.6351818907,-28.73281293,7.619361754,1.975380456,,74.75980953,0.5248563125,-5.086197058,0.5235400199
676.992,5.951518411,-0.6111343741,-29.84540559,7.734367401,1.453894602,,74.81913416,1.831958463,-5.350706045,0.6752117657
677.092,6.137311879,-0.578081064,-31.16177591,7.959857247,0.9096843614,,74.89299461,2.731950212,-5.562456771,0.8157547435
677.192,6.303264629,-0.5842119276,-32.51950829,8.272067597,0.3346697449,,74.98202972,3.540460114,-6.005991187,0.9847228792
677.292,6.497984214,-0.4968675727,-34.4192942,8.652097441,-0.2848632346,,75.08751534,4.151124267,-6.403686005,1.133647466
677.392,6.700578911,-0.3778759036,-36.4953203,9.105404772,-0.9381812015,,75.20551564,5.011924363,-6.648882824,1.227271132
677.492,7.020804483,-0.2392368465,-38.0488416,9.629702318,-1.604925594,,75.32987507,5.411257181,-6.649247957,1.255594561
677.592,7.497085302,-0.108920794,-38.95511594,10.15593142,-2.262677059,,75.4545623,4.751914136,-6.467993732,1.239317033
677.692,7.558870514,0.01588730983,-39.04726909,10.55028016,-2.896917001,,75.5766741,3.016241494,-6.18030753,1.187457122
677.792,7.43262607,0.1077369334,-38.57367569,10.77869965,-3.501574062,,75.69023248,1.466221177,-5.912839796,1.06551232
677.892,7.259785396,0.2213731689,-37.26256968,10.85907558,-4.080246627,,75.78898905,0.009484399819,-5.62525006,0.8867861779
677.992,6.920663478,0.3235098259,-34.90105017,10.79630743,-4.62505387,,75.86724538,-1.304511714,-5.235681811,0.6446978527
678.092,6.656517467,0.3961300623,-33.06343612,10.62341301,-5.130657585,,75.91818636,-2.21987648,-4.839637477,0.3414562718
678.192,6.398824873,0.4343763242,-31.79950458,10.37752996,-5.599090237,,75.93635855,-2.663192927,-4.519331033,-0.01731077954
678.292,6.191456469,0.4622231976,-30.71461013,10.11013639,-6.039850725,,75.91655106,-2.610182869,-4.291120178,-0.4203376142
678.392,6.03713539,0.4558626155,-29.93330119,9.864068856,-6.462539564,,75.85555813,-2.215265839,-4.193520293,-0.8354078148
678.492,6.008917114,0.4705879946,-29.56174819,9.669325326,-6.883962143,,75.75394552,-1.642056942,-4.238058631,-1.225815726
678.592,6.022247719,0.4864457558,-29.47934267,9.527703417,-7.309167186,,75.61477334,-1.174053388,-4.268623848,-1.58312858
678.692,6.125276165,0.4921355853,-29.61998938,9.423220157,-7.737528944,,75.44192837,-0.9973695559,-4.302609084,-1.884366331
678.792,6.122072326,0.491850629,-29.6785437,9.320285038,-8.169690307,,75.24188083,-1.065007242,-4.347300795,-2.136399307
678.892,6.118104882,0.4865966622,-29.71841803,9.211000002,-8.606997217,,75.01738667,-1.122947681,-4.406603357,-2.371468588
678.992,6.114426054,0.4775541823,-29.7476533,9.096406626,-9.050833693,,74.77026592,-1.170198775,-4.478585942,-2.586969465
679.092,6.111566652,0.465859574,-29.77216016,8.977526383,-9.502338389,,74.50257106,-1.208063888,-4.560287131,-2.78094511
679.192,6.109615636,0.452607048,-29.79565217,8.855201732,-9.962326102,,74.21651435,-1.238697617,-4.648210864,-2.952241093
679.292,5.99741088,0.431661194,-29.74879836,8.733474516,-10.43371491,,73.91423938,-1.074671765,-4.793913357,-3.124047599
679.392,5.898788782,0.3932327005,-29.91704094,8.662321414,-10.92309535,,73.59020045,-0.1936393817,-5.039618201,-3.385251974
679.492,6.050690967,0.4064004185,-30.54607813,8.678850584,-11.43853481,,73.24190628,0.5005431016,-5.271476137,-3.579670712
679.592,6.177532257,0.4154552045,-31.22561331,8.743737317,-11.97316534,,72.87853432,0.7617910563,-5.423033305,-3.684758775
679.692,6.266454439,0.4253125108,-31.80645691,8.820512756,-12.52039459,,72.50744609,0.73910754,-5.521971956,-3.734644203
679.792,6.236440384,0.4102191199,-32.17124794,8.887962769,-13.07597074,,72.13263711,0.6584017758,-5.620221238,-3.774407579
679.892,6.202877303,0.4147835771,-32.52216394,8.968941844,-13.65104037,,71.75033371,1.048805588,-5.90265543,-3.891866243
679.992,6.301198173,0.460032597,-33.03034469,9.086981766,-14.24962091,,71.35655468,1.28731516,-6.05922725,-3.98242259
680.092,6.369622731,0.4993615616,-33.47382653,9.217437991,-14.8587065,,70.95558864,1.296735537,-6.113317245,-4.037304563
680.192,6.590523884,0.573616761,-33.83693861,9.317526575,-15.46223474,,70.55546365,0.5132755383,-5.899409663,-3.930185988
680.292,6.495228454,0.5936065844,-33.59205403,9.323710616,-16.03947108,,70.16846123,-0.4001253674,-5.637179695,-3.821666243
680.392,6.352784204,0.6067579864,-33.10647588,9.257526081,-16.59447422,,69.78653177,-0.8996394558,-5.459476692,-3.838219269
680.492,6.346289903,0.7006332717,-32.66261681,9.151522439,-17.13135615,,69.3996438,-1.323157591,-5.174839301,-3.898035242
680.592,6.246341371,0.6991852103,-32.09399318,8.999981371,-17.6297301,,69.00522942,-1.714083556,-4.76968318,-4.011945521
680.692,6.194913683,0.7247830062,-31.539938,8.809888236,-18.08501928,,68.59761172,-2.109406018,-4.28992416,-4.165316975
680.792,6.214103869,0.7487788642,-31.00071308,8.57429401,-18.48763401,,68.17420562,-2.718460233,-3.684461912,-4.307350659
680.892,6.058287412,0.6753701172,-30.26220776,8.278050389,-18.83315504,,67.73480778,-3.172021742,-3.234929297,-4.523069949
680.992,5.492806889,0.613969193,-29.4717399,7.999336537,-19.14837217,,67.25340015,-1.923497415,-3.113366941,-5.291861873
681.092,5.481566399,0.6051374114,-30.00931317,7.919996554,-19.46217409,,66.67169206,0.5142502191,-3.149264959,-6.424705631
681.192,5.785532851,0.6268847623,-31.57194252,8.065662449,-19.76850995,,65.98241795,2.390215722,-2.935803185,-7.383169365
681.292,6.192948707,0.5635682764,-33.50203967,8.350011055,-20.05011124,,65.21459787,3.190825815,-2.695840623,-7.950137115
681.392,6.389584643,0.5024776051,-35.10225012,8.67310036,-20.30977801,,64.40615663,3.274491759,-2.512237517,-8.232161289
681.492,6.657979457,0.4090310066,-36.94285279,9.00579517,-20.55952013,,63.57113627,3.303814286,-2.515873178,-8.443518719
681.592,6.928088646,0.3252438995,-38.6557062,9.32189435,-20.81871149,,62.72522167,2.920230223,-2.695258557,-8.439117329
681.692,7.164960443,0.2592356946,-39.39155827,9.57292889,-21.09814882,,61.89193477,1.881958069,-2.901795067,-8.143307293
681.792,7.109487608,0.2138338705,-38.88887627,9.700631019,-21.39409352,,61.09694862,0.5705010742,-3.019910896,-7.718323113
681.892,6.870491607,0.1618703493,-37.66435441,9.714517632,-21.70177476,,60.33901184,-0.2635592509,-3.145872784,-7.452058434
681.992,6.875166533,0.1768279577,-36.53860868,9.662172564,-22.01788069,,59.60156389,-0.9528185783,-3.107672277,-7.237667446
682.092,6.92368771,0.2291849857,-35.70588611,9.512685135,-22.30720159,,58.89433618,-2.275525187,-2.524696549,-6.843735784
682.192,6.649447663,0.1033565607,-34.40276675,9.230806826,-22.53225631,,58.22263728,-3.339670708,-1.983895181,-6.624728725
682.292,6.400805651,-0.02009327861,-33.07045992,8.871483336,-22.71790037,,57.56001005,-3.776918404,-1.76749037,-6.676209615
682.392,6.221233688,-0.07440678245,-31.99918269,8.493248997,-22.89348992,,56.88265724,-3.725104605,-1.731051726,-6.919361505
682.492,6.110460427,-0.1617217382,-31.29193261,8.132222686,-23.05725505,,56.17433652,-3.44766587,-1.57199232,-7.282330751
682.592,6.049763427,-0.240810676,-30.92320717,7.802955253,-23.20568127,,55.42925897,-3.105534146,-1.420299973,-7.63817592
682.692,6.026335785,-0.3308587067,-30.81726849,7.507561804,-23.34919164,,54.65309404,-2.785624607,-1.45626723,-7.892858377
682.792,5.861957069,-0.3992560043,-30.83320629,7.258311385,-23.49390349,,53.84722137,-2.04263257,-1.427467783,-8.29678225
682.892,5.823389484,-0.5110124099,-31.28778604,7.092841218,-23.638223,,52.99889389,-1.118238336,-1.48781573,-8.729324504
682.992,5.906646029,-0.6073404603,-32.19087567,7.03287102,-23.79334531,,52.10387149,-0.0503853893,-1.648051711,-9.166168085
683.092,6.082807034,-0.6966446284,-33.36639507,7.064788729,-23.9693214,,51.17685089,0.6551884788,-1.897693603,-9.327234113
683.192,6.177774804,-0.7627075657,-34.43236182,7.145193706,-24.17097048,,50.24836362,0.9853565199,-2.154538265,-9.221388455
683.292,6.30582603,-0.8062029448,-35.4194993,7.258478216,-24.39738809,,49.33400638,1.250084602,-2.380933141,-9.013646548
683.392,6.465889599,-0.8019845423,-36.23992037,7.383187809,-24.64196437,,48.44936607,1.169453517,-2.471926299,-8.613717423
683.492,6.597562735,-0.7879298735,-36.69719149,7.474389995,-24.88274744,,47.61564966,0.5272981506,-2.29186036,-7.980506547
683.592,6.516017987,-0.7838810427,-36.6017406,7.499320795,-25.10316744,,46.84444211,-0.02560716729,-2.093884514,-7.429200224
683.692,6.295717263,-0.7336570674,-36.25916567,7.49669736,-25.29735586,,46.11169948,0.09678742965,-1.746994625,-7.280388483
683.792,6.177947861,-0.6917593614,-36.16996086,7.532774761,-25.45378253,,45.37780988,0.7719555106,-1.330670361,-7.468374335
683.892,6.270705589,-0.6800443886,-36.53255409,7.643856285,-25.56987064,,44.61959762,1.484003942,-0.9596098502,-7.708068249
683.992,6.380612796,-0.6785525737,-37.0931521,7.819279543,-25.64971064,,43.8397638,2.014288484,-0.6327061251,-7.87471672
684.092,6.514920847,-0.6131186417,-37.75993214,8.03179013,-25.69688129,,43.05053007,2.201263774,-0.2293643713,-7.896984144
684.192,6.624566123,-0.6290269574,-38.53365719,8.251873989,-25.70288503,,42.26316413,2.176198102,0.1084202607,-7.835591277
684.292,6.678840395,-0.6089495714,-38.94884236,8.465011713,-25.68095506,,41.48354758,2.070124692,0.3539944857,-7.752101702
684.392,6.739595059,-0.5977976484,-39.13965657,8.666300096,-25.63672405,,40.71169828,1.910176547,0.5385893705,-7.666786341
684.492,6.902753146,-0.6266420218,-39.01493623,8.824525743,-25.58128285,,39.96115046,1.095430427,0.548219445,-7.270925205
684.592,6.838602734,-0.5966079827,-38.06210947,8.884647477,-25.52548396,,39.25627294,-0.01793453758,0.5773649072,-6.78284514
684.692,6.777113174,-0.5634045042,-37.15850049,8.824719476,-25.46455982,,38.60089364,-1.301333583,0.659986355,-6.295635258
684.792,6.496887722,-0.5473308399,-35.84439427,8.646673979,-25.39368046,,37.98448455,-2.216476597,0.7583628339,-6.090775117
684.892,6.257438879,-0.5487360283,-34.58655162,8.408577237,-25.31502631,,37.36934125,-2.484735189,0.8070241137,-6.278982676
684.992,6.155762642,-0.5685975062,-33.68072963,8.162636659,-25.23424211,,36.72412299,-2.422327226,0.7971656754,-6.664683708
685.092,6.062572446,-0.6045763925,-33.0439978,7.925295678,-25.15690654,,36.03888695,-2.29101955,0.7311907378,-7.084518862
685.192,6.087715762,-0.6546707199,-32.72214664,7.699011612,-25.08855074,,35.31373361,-2.264733798,0.617390013,-7.425721282
685.292,6.050056871,-0.7133632707,-32.44150457,7.46515707,-25.03304772,,34.56218695,-2.408062178,0.4715054838,-7.616380577
685.392,5.986802686,-0.7765718982,-32.20225349,7.223182327,-24.99379517,,33.79243067,-2.414329418,0.2913819175,-7.788936828
685.492,5.944843739,-0.841836964,-32.06552847,6.984778246,-24.97357109,,33.00715808,-2.340050592,0.0916027434,-7.919294877
685.592,5.918517917,-0.906349079,-32.02022778,6.755476395,-24.9737318,,32.2114648,-2.236146487,-0.1147956391,-7.990893242
685.692,5.90192683,-0.9674922728,-32.04086191,6.536724456,-24.99440933,,31.41150438,-2.132123811,-0.3164938642,-7.999571518
685.792,5.892510922,-0.9547840895,-32.09103816,6.327110698,-25.02512564,,30.61179338,-2.061142072,-0.2514936002,-7.996129943
685.892,5.857018815,-0.9716068859,-32.16331589,6.12894621,-25.03498811,,29.80825321,-1.893854791,0.1109495522,-8.088579748
685.992,5.823285746,-1.076368893,-32.29185462,5.945094711,-25.012952,,28.99669545,-1.748786351,0.3120027532,-8.153851442
686.092,5.821630716,-1.170857472,-32.52923341,5.785957585,-24.97882231,,28.17543988,-1.425840275,0.3432788597,-8.264668879
686.192,5.818939558,-1.244975971,-32.82019887,5.652664459,-24.94781055,,27.34817477,-1.212898489,0.2558831208,-8.281735563
686.292,5.86721766,-1.303598087,-33.17980508,5.541271294,-24.92801264,,26.52039295,-1.027587014,0.1252142539,-8.255182696
686.392,5.854753106,-1.351211817,-33.46381131,5.442291488,-24.92164089,,25.69916348,-0.9259085718,-0.01022112592,-8.168429955
686.492,5.855872583,-1.389450225,-33.75527752,5.358879414,-24.92863673,,24.88483391,-0.7060022819,-0.1396373447,-8.121092758
686.6,5.832289965,-1.44709818,-34.1007966,5.298169044,-24.95169324,,24.00719762,-0.3301461174,-0.3297243867,-8.091430952
686.7,5.866936783,-1.477117399,-34.53437857,5.281187795,-24.99472678,,23.20176258,0.02653395528,-0.5650604297,-8.0018932
686.808,5.806624331,-1.485519244,-34.63245679,5.284079847,-25.01475588,,22.93533458,0.2114134087,-0.6635916667,-7.987800991
686.875,5.881985346,-1.467400469,-35.52109363,5.382096185,-25.1340808,,21.80348146,1.144243872,-0.9977205937,-7.937632321
686.975,5.915279294,-1.428740579,-36.31198496,5.541193608,-25.2432803,,21.00644829,2.061835001,-1.172036848,-7.97661493
687.075,6.114694548,-1.371180823,-37.30069785,5.769787624,-25.36214743,,20.21682856,2.467487976,-1.179415378,-7.761294401
687.175,6.2547567,-1.303265887,-38.08661019,6.020821126,-25.4757623,,19.45679717,2.515433549,-1.062509968,-7.393721443
687.275,6.336241192,-1.223201508,-38.5933727,6.267436588,-25.57311976,,18.7359247,2.390444414,-0.8513502647,-6.992417175
687.383,6.374060698,-1.126014318,-38.85472858,6.517114996,-25.65083314,,17.99804712,2.204581595,-0.5469520169,-6.617161842
687.492,6.38055083,-1.021554872,-38.90813227,6.747639337,-25.69280605,,17.29516362,2.046936259,-0.1920761202,-6.362218534
687.592,6.376922119,-0.9288604135,-38.85254779,6.947490773,-25.69623004,,16.66502468,1.948769,0.1542812774,-6.250464975
687.692,6.374134711,-0.8432541855,-38.76077661,7.13945194,-25.66533081,,16.04095272,1.889793,0.4903125002,-6.247477302
687.792,6.376183125,-0.7669485495,-38.67531756,7.326718694,-25.60192466,,15.41288494,1.853514568,0.799748789,-6.334347928
687.892,6.383613213,-0.7025877389,-38.61633859,7.510771352,-25.50929045,,14.77285906,1.823291111,1.069745854,-6.488544018
687.992,6.394746409,-0.6518590349,-38.58895291,7.691622824,-25.39182697,,14.11515942,1.787319448,1.291049807,-6.688251449
688.092,6.515228074,-0.6168097886,-38.62841773,7.85868062,-25.25410153,,13.4407172,1.445614966,1.476228964,-6.77702552
688.192,6.52791099,-0.596284106,-38.4342839,7.980727385,-25.09960623,,12.76086937,0.9095252898,1.620596734,-6.81087594
688.292,6.451641297,-0.5911881099,-38.01024769,8.046070762,-24.93285024,,12.07734046,0.3611570299,1.713373074,-6.87697841
688.392,6.336919744,-0.6021887242,-37.49308274,8.0662889,-24.75987409,,11.38121608,0.06198517285,1.735907821,-7.087547594
688.492,6.256411924,-0.6298603697,-37.07192786,8.067586413,-24.5879992,,10.65855885,-0.01863402769,1.685801732,-7.402487507
688.592,6.20764956,-0.6727777757,-36.8010735,8.066770167,-24.42425284,,9.902555059,0.01423190445,1.569067337,-7.745697107
688.692,6.20925775,-0.728795145,-36.6638485,8.064826259,-24.27448061,,9.116161762,-0.06061006488,1.404569504,-7.995757881
688.792,6.171771591,-0.7935180254,-36.54630732,8.057772139,-24.14335286,,8.306035932,-0.07461349655,1.193621961,-8.220034474
688.892,6.145249968,-0.8642510987,-36.49434697,8.051371296,-24.03498022,,7.475371197,-0.0491849647,0.9489321091,-8.399205059
688.992,6.126118385,-0.9377238398,-36.4940559,8.048344791,-23.95210995,,6.629497376,-0.008453598254,0.6842061705,-8.517411289
689.092,6.111203972,-1.010621792,-36.52594497,8.049583383,-23.89612674,,5.774844429,0.03551990214,0.4128618151,-8.569024935
689.208,6.098342523,-1.079878109,-36.57164607,8.055184942,-23.86710972,,4.918024675,0.07892739161,0.147401536,-8.556230648
689.275,6.088314944,-1.1328417,-36.61035296,8.06314599,-23.86275648,,4.20680311,0.1150686037,-0.06120421986,-8.501619731
689.375,6.076837486,-1.188806443,-36.64993132,8.076727379,-23.87953778,,3.361305477,0.1603277533,-0.2883660049,-8.392166953
689.475,6.166247765,-1.236309354,-36.69056422,8.081056897,-23.91677997,,2.53470313,-0.1358538803,-0.4621795522,-8.095133497
689.575,6.118174996,-1.25962586,-36.4422856,8.051128025,-23.96802635,,1.740247739,-0.4962285579,-0.5466016359,-7.769448651
689.675,6.023522894,-1.292822614,-36.04736221,7.991536153,-24.02520954,,0.9747403727,-0.6714009976,-0.6036761274,-7.541310892
689.775,5.955776462,-1.315145153,-35.68436929,7.923775275,-24.0881742,,0.2272903929,-0.6597573095,-0.6597827672,-7.409236331
689.875,5.915601089,-1.329973772,-35.41675159,7.862364002,-24.15631227,,359.4902133,-0.5490512843,-0.7052131517,-7.332139413
689.975,5.897318029,-1.338741347,-35.25491062,7.813988889,-24.22835159,,358.7595847,-0.4049587668,-0.7360268634,-7.277804094
690.075,5.865640151,-1.341639783,-35.19145617,7.786685219,-24.30313226,,358.0311057,-0.119496292,-0.759377012,-7.292006879
690.175,5.893661488,-1.339883695,-35.27690801,7.784560489,-24.37943953,,357.302759,0.07682167685,-0.7637942249,-7.265149113
690.275,5.891654908,-1.332256732,-35.40555983,7.804551483,-24.45566321,,356.5759227,0.3330227775,-0.7568584676,-7.266150099
690.375,5.935453522,-1.319767257,-35.61256731,7.844871555,-24.53023592,,355.8514181,0.4650120063,-0.7279930646,-7.210904668
690.475,5.967266515,-1.301927919,-35.78896976,7.893729033,-24.60091226,,355.1343006,0.5038120299,-0.6772715316,-7.120321459
690.575,5.987153004,-1.279451917,-35.90883335,7.943851934,-24.66559623,,354.4268084,0.4922275021,-0.6070538404,-7.021800285
690.675,6.034560761,-1.241585954,-35.98473875,7.988916012,-24.72116501,,353.7297911,0.3548582974,-0.4717843221,-6.896436529
690.775,6.050401734,-1.212569311,-35.92092701,8.01407832,-24.75854054,,353.0457091,0.1004352883,-0.2622386506,-6.769269766
690.875,6.005910075,-1.196329404,-35.71172016,8.014382093,-24.77720601,,352.3722374,-0.08745487629,-0.1061645251,-6.712426471
690.975,5.972219509,-1.179416956,-35.49613039,8.00157871,-24.78224468,,351.7001525,-0.1605014987,0.00930995508,-6.743874904
691.075,5.924028547,-1.165367108,-35.33773454,7.991646287,-24.77760359,,351.0189562,-0.01853914941,0.08469601891,-6.899197358
691.175,5.911048783,-1.15625554,-35.34325308,8.001968454,-24.76704338,,350.3190011,0.2372064167,0.1260159553,-7.113056523
691.275,5.952016973,-1.152172794,-35.49706635,8.033085268,-24.75329551,,349.6002246,0.3759805842,0.1485095456,-7.26367383
691.375,5.984872156,-1.151332914,-35.67118127,8.073138502,-24.73798637,,348.869264,0.4139545514,0.1568152161,-7.354507079
691.475,6.006429201,-1.152760307,-35.81843066,8.113844784,-24.72235626,,348.1312753,0.3900989072,0.1546108214,-7.403897529
691.575,6.017414663,-1.155869438,-35.92108234,8.150625853,-24.7073172,,347.3895751,0.3378467249,0.144690827,-7.429310395
691.675,6.020413587,-1.160363407,-35.98025629,8.181801438,-24.69354847,,346.6459245,0.2805701764,0.1288864817,-7.443672583
691.775,6.018397148,-1.165972655,-36.00563717,8.207552949,-24.68158135,,345.9010368,0.2315340355,0.1083779033,-7.454632586
691.875,6.087415735,-1.152098881,-36.03015559,8.221533206,-24.66735733,,345.1576626,-0.008859032367,0.2000575749,-7.395923175
691.975,6.069787833,-1.116272698,-35.85193962,8.204359915,-24.6357958,,344.4210493,-0.3830434394,0.4899459201,-7.338003632
692.075,6.024768312,-1.15467727,-35.52653572,8.146350331,-24.57174442,,343.6887404,-0.7807327639,0.7954154486,-7.327874133
692.175,5.978020523,-1.167349467,-35.14369047,8.055763745,-24.47842624,,342.9521541,-1.063057928,1.097474328,-7.4080625
692.275,5.892902824,-1.171899203,-34.72829159,7.941767996,-24.35186849,,342.2048656,-1.200376133,1.488520861,-7.568705849
692.4,5.912954156,-1.264244189,-34.3412472,7.772917987,-24.13187188,,341.2502319,-1.589577445,2.035557257,-7.679688266
692.5,5.88884687,-1.347430552,-33.93490924,7.600467263,-23.9148112,,340.4796133,-1.92462173,2.317519084,-7.712526168
692.6,5.763054182,-1.461822527,-33.40425345,7.395488381,-23.67841523,,339.7086174,-2.142089574,2.376179962,-7.714396855
692.7,5.674623558,-1.553366726,-32.96462809,7.181762154,-23.4442848,,338.9363111,-2.100550081,2.279841083,-7.729960027
692.8,5.621296106,-1.63159746,-32.67610419,6.979273719,-23.22325492,,338.1636917,-1.923942249,2.119403774,-7.712282735
692.9,5.595793793,-1.616842448,-32.52431834,6.797034054,-23.01840374,,337.3951789,-1.708662087,2.049071629,-7.653847775
693,5.584094358,-1.706029909,-32.4854592,6.63499255,-22.801715,,336.6317711,-1.52231628,2.263577283,-7.600840865
693.1,5.578704292,-1.778152994,-32.50922329,6.490729854,-22.57325182,,335.8762291,-1.357748427,2.301653239,-7.493619175
693.2,5.575453874,-1.851672613,-32.5665488,6.361474854,-22.34292842,,335.1332514,-1.223764536,2.287943246,-7.345824397
693.3,5.445580982,-1.952422811,-32.55256427,6.248120861,-22.11758975,,334.4054532,-0.9067165601,2.150021491,-7.235069378
693.4,5.396301536,-2.012889553,-32.89280236,6.206586896,-21.92724445,,333.6771802,0.1612245072,1.604172647,-7.325406957
693.5,5.511411427,-2.024524419,-33.64436044,6.256062027,-21.78451082,,332.9472257,0.8340938509,1.224563706,-7.248466386
693.6,5.660005635,-1.993736141,-34.47004055,6.358597646,-21.67634316,,332.2298339,1.171934506,0.9534398293,-7.065535888
693.7,5.886713394,-1.971897822,-35.22453573,6.47449854,-21.58677862,,331.535941,0.9739532612,0.8557276991,-6.734361022
693.8,5.924019634,-1.921043907,-35.41126998,6.535769755,-21.49783693,,330.8852654,0.1693886056,0.960720361,-6.246863991
693.9,5.845679716,-1.885610168,-35.09634217,6.517497528,-21.38963504,,330.2791354,-0.5367098932,1.236409953,-5.876818495
694,5.724646116,-1.868200383,-34.55524204,6.446483118,-21.25234054,,329.7010891,-0.8528175279,1.518768311,-5.692170309
694.1,5.637972711,-1.858214046,-34.04849002,6.358265046,-21.09077418,,329.1360382,-0.8790957078,1.718591661,-5.614354476
694.2,5.589999143,-1.784636069,-33.66894588,6.275579135,-20.90867582,,328.5755934,-0.7532997056,2.006986447,-5.609690202
694.3,5.6076687,-1.708667007,-33.45093286,6.205093409,-20.68472104,,328.0127418,-0.6971626407,2.588264719,-5.652120695
694.4,5.606417842,-1.750007892,-33.24108795,6.129765677,-20.39661428,,327.4462108,-0.8112507727,3.178092977,-5.686068007
694.5,5.567367789,-1.754837399,-33.01029751,6.047681282,-20.05426128,,326.8733632,-0.819077009,3.699499138,-5.787964295
694.6,5.469215167,-1.795376417,-32.83140924,5.975995914,-19.66549491,,326.2858659,-0.549663937,4.075890408,-5.992197949
694.7,5.504328567,-1.863272146,-32.94467994,5.937336843,-19.24806072,,325.6768887,-0.2264099572,4.252698022,-6.188012789
694.8,5.472195714,-1.936153116,-33.15388702,5.934293204,-18.82139947,,325.0487923,0.2207600754,4.243285289,-6.390134575
694.9,5.507332043,-2.015348518,-33.57005065,5.97450083,-18.4083359,,324.4038479,0.6139466205,3.958963295,-6.508317891
695,5.481485545,-2.102297908,-34.06697836,6.060369448,-18.03406695,,323.7481603,1.194524659,3.44944315,-6.616660546
695.1,5.608748027,-2.102850504,-34.79789519,6.198214999,-17.70988235,,323.0854822,1.51974603,3.035046264,-6.617615205
695.2,5.694432159,-2.124965408,-35.42501015,6.352896741,-17.41956572,,322.4270904,1.534296786,2.76670511,-6.534292294
695.3,5.691714324,-2.154314529,-35.82415179,6.501316738,-17.15238972,,321.7787687,1.448017831,2.569103516,-6.432843896
695.4,5.618135259,-2.185834036,-36.10893725,6.656285275,-16.90360208,,321.1356817,1.739770776,2.395250694,-6.449977646
695.5,5.666196914,-2.220748307,-36.56367642,6.845261256,-16.67165145,,320.4896519,2.05456099,2.23340447,-6.469516534
695.6,5.751535308,-2.25362882,-37.07453351,7.061776176,-16.45541334,,319.843964,2.249240555,2.084745629,-6.41689268
695.7,5.759479256,-2.322459853,-37.45623737,7.288989774,-16.25557772,,319.2093515,2.318257036,1.848364302,-6.250090282
695.8,5.814328002,-2.342601202,-37.81148704,7.525952187,-16.0839909,,318.5941327,2.404018579,1.553379429,-6.017857749
695.9,5.763439329,-2.348453643,-38.01111866,7.769840012,-15.93983031,,318.0045879,2.557288718,1.305019323,-5.766503134
696,5.833639853,-2.302970879,-38.32332931,8.037381835,-15.81930518,,317.4392535,2.778065997,1.125874391,-5.5092799
696.1,5.931310527,-2.261753531,-38.61884255,8.318898647,-15.70891541,,316.9016891,2.794817575,1.102981446,-5.202747208
696.2,6.131229194,-2.199730545,-38.78981818,8.57679081,-15.59514021,,316.4006263,2.149842262,1.218998564,-4.7481132
696.3,6.015925775,-2.143288056,-38.26940432,8.74734404,-15.46182451,,315.9469885,1.267738741,1.485222682,-4.334933307
696.4,5.962733709,-2.06504825,-37.49762718,8.835396458,-15.29671166,,315.5264498,0.4491137452,1.872981921,-4.09134972
696.5,5.853107177,-2.031864552,-36.50330851,8.850154747,-15.08876773,,315.1199207,-0.1701025008,2.310226461,-4.072363741
696.6,5.678150669,-1.996712858,-35.47971123,8.822131558,-14.83801556,,314.705972,-0.3292275498,2.725002989,-4.235438539
696.7,5.606617524,-2.004551905,-34.71005331,8.788399025,-14.55171019,,314.2749137,-0.3108758964,3.009185089,-4.400797192
696.8,5.541847233,-2.033477121,-34.15317813,8.766414792,-14.24178914,,313.826885,-0.09181792647,3.178026397,-4.569133223
696.9,5.521261741,-2.058580724,-33.85229997,8.770230081,-13.92084223,,313.3635191,0.1893045894,3.231495382,-4.701228144
697,5.526209797,-2.096795908,-33.75088877,8.801289964,-13.59907145,,312.8892725,0.4407558312,3.174749715,-4.778750427
697.1,5.542089874,-2.157379348,-33.77714937,8.854540824,-13.2884269,,312.4101573,0.625584389,2.973562451,-4.788724389
697.2,5.523819546,-2.194622528,-33.84786983,8.925971684,-13.00479684,,311.9327446,0.8522340813,2.640417224,-4.7531008
697.3,5.566287403,-2.185612638,-34.04086577,9.020330362,-12.75764135,,311.4610848,1.022660194,2.305878869,-4.666546718
697.4,5.570866662,-2.185610471,-34.24259724,9.133272335,-12.53937318,,310.998089,1.237049953,2.059741041,-4.583253444
697.5,5.57915489,-2.204362135,-34.47595824,9.26452395,-12.34343713,,310.5442302,1.424720457,1.839762043,-4.490046279
697.6,5.63508267,-2.204115055,-34.76230591,9.413038793,-12.17358885,,310.100954,1.526291053,1.557999688,-4.360751999
697.7,5.672460573,-2.212957156,-34.98713784,9.565608414,-12.0251849,,309.6709701,1.509379358,1.383147932,-4.223665668
697.8,5.693948928,-2.174833844,-35.12137428,9.713740027,-11.89516835,,309.2552125,1.441105165,1.22979138,-4.08304479
697.9,5.702906844,-2.147932988,-35.17610829,9.854266598,-11.77498826,,308.8523999,1.362491181,1.182730826,-3.967546524
698,5.822647248,-2.160344004,-35.23604052,9.979410341,-11.66184754,,308.4625613,1.037743406,1.047841451,-3.794905431
698.1,5.78996367,-2.122931672,-34.97398077,10.06119624,-11.56345338,,308.0926018,0.5665423036,0.9334597715,-3.591270421
698.2,5.726216364,-2.077503802,-34.51213489,10.09361486,-11.47028348,,307.7426814,0.09093084485,0.9454345454,-3.403471744
698.3,5.709341257,-2.038442653,-34.00066419,10.08751989,-11.37257107,,307.409247,-0.2871791625,1.025198127,-3.243565889
698.4,5.604776779,-2.0010743,-33.3674403,10.04793813,-11.26501426,,307.0907369,-0.4676889551,1.138491966,-3.126932412
698.5,5.542254997,-1.965957239,-32.85130979,10.0026922,-11.14542484,,306.7814438,-0.4052878487,1.265059102,-3.058051854
698.6,5.47129173,-1.932731971,-32.46929514,9.970092491,-11.01295082,,306.4776982,-0.1811783512,1.394079326,-3.023930451
698.7,5.459011553,-1.911510096,-32.34523829,9.971442281,-10.87084946,,306.1752376,0.2697127057,1.452771758,-3.031509305
698.8,5.519052832,-1.877702703,-32.47569299,10.01574441,-10.72199642,,305.8717133,0.6093822976,1.534158156,-3.036948917
698.9,5.736502599,-1.816210996,-32.7770664,10.07844744,-10.56395323,,305.5691503,0.4377771728,1.675174987,-2.984371156
699,5.722437806,-1.786585891,-32.65671436,10.09659248,-10.38201119,,305.2733652,-0.1172444371,1.989090412,-2.936741767
699.1,5.676216905,-1.741939783,-32.29919592,10.06089445,-10.17101555,,304.9803024,-0.6341808919,2.285316622,-2.934016411
699.2,5.630752728,-1.753420056,-31.83749991,9.982689591,-9.927505921,,304.6841835,-0.9466119741,2.596970097,-2.994654096
699.3,5.573454926,-1.77423675,-31.31208645,9.870873287,-9.65859487,,304.3829916,-1.274655784,2.774185708,-3.034836938
699.4,5.497995466,-1.788751981,-30.79449581,9.739367181,-9.376917798,,304.0769326,-1.324542089,2.854137749,-3.089926807
699.483,5.46089782,-1.801225115,-30.47088381,9.631755947,-9.137917557,,303.8178636,-1.23905918,2.879148499,-3.128287197
699.583,5.436576924,-1.787584183,-30.22117051,9.515174697,-8.848379671,,303.5034305,-1.076587479,2.944388259,-3.162986686
699.683,5.430071276,-1.822642468,-30.10776817,9.415342753,-8.549922103,,303.1858972,-0.9114642341,3.014817167,-3.18371511
699.783,5.389811881,-1.850395626,-30.05182664,9.331195958,-8.247938019,,302.8674879,-0.7261140391,3.016312881,-3.185233668
699.883,5.42200304,-1.866808028,-30.15879385,9.270640482,-7.94486565,,302.5485913,-0.490068763,3.041184153,-3.187015978
699.983,5.494302833,-1.898157919,-30.35113518,9.227415734,-7.641553377,,302.23092,-0.4275243032,3.017133018,-3.153700215
700.083,5.568548836,-1.925394179,-30.47286104,9.175715334,-7.34187933,,301.9188515,-0.709743955,2.971008453,-3.068954546
700.183,5.542364105,-1.922427284,-30.32136681,9.084032113,-7.044015594,,301.6164866,-1.171539158,3.003004901,-2.969693376
700.283,5.488073802,-1.957900082,-29.97732226,8.945075925,-6.741445937,,301.3242153,-1.60411366,3.041058002,-2.86731076
700.383,5.402804,-1.983375851,-29.5444314,8.775810525,-6.437193586,,301.0418688,-1.755634322,3.039948235,-2.769182692
700.483,5.346098571,-2.003521044,-29.18586205,8.600839929,-6.133694679,,300.7698155,-1.720868881,3.028165314,-2.658360959
700.583,5.315075277,-2.019534738,-28.94430892,8.434081837,-5.831342107,,300.5097049,-1.597950282,3.01868163,-2.528609666
700.683,5.361340441,-2.031655005,-28.84017285,8.276054604,-5.529543849,,300.2638561,-1.64035463,3.019515758,-2.364508571
700.783,5.321160371,-2.037686471,-28.6435096,8.107900887,-5.226986534,,300.0353169,-1.711791928,3.035174694,-2.19151927
700.883,5.293565417,-2.055647433,-28.47888278,7.93700451,-4.922310831,,299.823877,-1.695901591,3.045768342,-2.020183583
700.983,5.278318753,-2.078404287,-28.3713724,7.769998863,-4.624357134,,299.6306996,-1.637580194,2.898283085,-1.823141417
701.083,5.273058295,-2.044065103,-28.31356651,7.609295498,-4.338790924,,299.457436,-1.573496146,2.828719178,-1.626765432
701.183,5.272733299,-2.018177884,-28.29547262,7.45458748,-4.05524115,,299.3030918,-1.519902243,2.855521006,-1.447069678
701.283,5.237217865,-2.094549434,-28.28314289,7.304931928,-3.767574801,,299.1658832,-1.437035951,2.80349823,-1.275457329
701.383,5.14475788,-2.136217523,-28.30738814,7.172193351,-3.522392391,,299.0501398,-1.093473141,2.029946541,-1.013312958
701.483,5.130326931,-2.028258874,-28.63388718,7.096937666,-3.345104104,,298.9600868,-0.3209650518,1.538213216,-0.77347189
701.583,5.223640874,-1.957749358,-29.35877871,7.107407544,-3.20812443,,298.8926223,0.5182884737,1.208285967,-0.5596390455
701.683,5.312593733,-1.92708991,-30.22745566,7.184338492,-3.099375606,,298.8455849,1.023741804,0.9350335366,-0.3686956353
701.783,5.386962353,-1.863411207,-31.0920293,7.301476022,-3.019002856,,298.8162748,1.358899203,0.6463088039,-0.2119076612
701.883,5.530057951,-1.781059467,-31.97166315,7.446277135,-2.966705562,,298.8007841,1.481205834,0.4106795665,-0.09658684888
701.983,5.576565608,-1.680950141,-32.5962695,7.588910866,-2.929687772,,298.7939542,1.370961504,0.3423816241,-0.04843349633
702.083,5.648334638,-1.606014906,-33.08186612,7.721730307,-2.898697107,,298.7891895,1.25249998,0.2974000476,-0.05709943981
702.183,5.657858005,-1.529517456,-33.3911656,7.845809151,-2.868301624,,298.7806353,1.222183966,0.3303745619,-0.1288073269
702.283,5.658418804,-1.487945999,-33.6223551,7.967080495,-2.831651926,,298.7624429,1.241134559,0.3823198663,-0.2488206582
702.383,5.70289597,-1.427268142,-33.85696706,8.092162601,-2.7948616,,298.7315306,1.245565801,0.367255752,-0.3853846588
702.483,5.820807568,-1.390736453,-34.09669963,8.213584804,-2.755924743,,298.6855114,1.082926583,0.4054004628,-0.5460996216
702.583,5.920676597,-1.353340534,-34.0631712,8.284584734,-2.717463232,,298.6248035,0.2095864391,0.3715547955,-0.6797099514
702.683,5.779063817,-1.315660369,-33.50075926,8.271647807,-2.679321774,,298.5497003,-0.4383180701,0.4001566811,-0.8390853819
702.783,5.667549568,-1.295391422,-32.88095863,8.215033877,-2.637135556,,298.4580032,-0.6555792451,0.4480135836,-1.007273089
702.883,5.596660266,-1.288376898,-32.37593596,8.150114746,-2.590336301,,298.3499986,-0.6090725999,0.4888945688,-1.161449078
702.983,5.561059255,-1.290781663,-32.04549182,8.09641754,-2.540245003,,298.2276444,-0.44112876,0.5112839945,-1.291360601
703.083,5.549595148,-1.300021146,-31.88019811,8.06121353,-2.488906976,,298.0935176,-0.2495846184,0.5119488233,-1.394754453
703.183,5.551334152,-1.313835215,-31.83823925,8.044065375,-2.438462966,,297.9502101,-0.08826807385,0.4922197288,-1.473383083
703.283,5.557945616,-1.330506599,-31.87102776,8.040805538,-2.390790886,,297.8000588,0.02282147082,0.455894283,-1.53036447
703.383,5.564212429,-1.348762043,-31.93742485,8.046342105,-2.347337493,,297.6450872,0.08492825866,0.4076705056,-1.568677308
703.483,5.567575791,-1.367636736,-32.00916732,8.056257399,-2.309074539,,297.4870511,0.1095847421,0.3522441684,-1.590603279
703.583,5.567424107,-1.386366173,-32.07070852,8.067453582,-2.276522663,,297.3275108,0.1108737697,0.2938594302,-1.597753069
703.683,5.56427591,-1.404337131,-32.11631566,8.078178936,-2.249806466,,297.1678859,0.1009901825,0.2361209445,-1.591347757
703.783,5.559115521,-1.420983183,-32.14641252,8.087740152,-2.228721439,,297.00948,0.08847572635,0.1819779523,-1.572541676
703.883,5.552958081,-1.436080134,-32.16437705,8.096124563,-2.212797931,,296.8534747,0.07817908902,0.1336350999,-1.542624337
703.983,5.546683417,-1.449014388,-32.17433368,8.103661668,-2.20138254,,296.7009152,0.07201789632,0.0927393123,-1.503125924
704.083,5.540892799,-1.459398591,-32.17986558,8.110778533,-2.193653807,,296.5526714,0.07004231863,0.06085963594,-1.456026647
704.183,5.535885133,-1.46706288,-32.18350663,8.117859605,-2.188661292,,296.4094031,0.07140504048,0.03896019881,-1.403546592
704.283,5.531784696,-1.471946566,-32.18673244,8.125188396,-2.185382909,,296.2715418,0.07501031372,0.02747728281,-1.348017321
704.383,5.528587076,-1.474103684,-32.1902092,8.132943233,-2.182774834,,296.139286,0.07989693044,0.02637794597,-1.291748909
704.483,5.526193056,-1.473695796,-32.19409923,8.141218646,-2.179816273,,296.0126087,0.08538480371,0.03520755125,-1.236906367
704.583,5.524501313,-1.470981897,-32.19832478,8.150055573,-2.175549263,,295.8912768,0.09109983563,0.05314223722,-1.18540997
704.683,5.523409456,-1.466205154,-32.20275801,8.159467475,-2.169112555,,295.7748796,0.09687400856,0.07909038064,-1.138871525
704.783,5.522824962,-1.459680609,-32.20727063,8.16945793,-2.159750647,,295.6628559,0.1026751529,0.1119904234,-1.098650922
704.883,5.522586604,-1.452157266,-32.21188906,8.18003204,-2.146849729,,295.5545327,0.1085499584,0.1499892879,-1.065551214
704.983,5.522620253,-1.443945416,-32.21667181,8.191198416,-2.129979637,,295.4491757,0.1145276352,0.1913823314,-1.039997253
705.083,5.522838356,-1.435477815,-32.22170809,8.202967749,-2.108876681,,295.3460242,0.1206141121,0.234524198,-1.022054387
705.183,5.523132339,-1.427159071,-32.22709713,8.215350639,-2.083438997,,295.2443272,0.1267927286,0.2778400781,-1.011448863
705.283,5.523407891,-1.4194552,-32.23290564,8.228354812,-2.053716157,,295.1433745,0.1330320953,0.319860188,-1.00760602
705.383,5.523595941,-1.41257118,-32.23919336,8.241984742,-2.019913214,,295.0425309,0.13929347,0.3590712216,-1.009604378
705.483,5.436927747,-1.464352445,-32.29771811,8.27954543,-2.000502066,,294.9434323,0.6540299984,0.01203746513,-0.9622874765
705.583,5.51068247,-1.419280126,-32.64328981,8.359780109,-2.007566252,,294.8495479,0.9303476794,-0.1393279077,-0.9122498263
705.683,5.536749298,-1.400136856,-33.00134912,8.465043296,-2.02696925,,294.7602472,1.167607466,-0.24323544,-0.8717432093
705.783,5.595287955,-1.371825839,-33.37491363,8.585096135,-2.052751964,,294.6742015,1.209550987,-0.2641550481,-0.8503952613
705.883,5.629845486,-1.349548823,-33.64711996,8.703369406,-2.078486486,,294.5892062,1.13758161,-0.2444326584,-0.85285238
705.983,5.645071039,-1.330990259,-33.80644166,8.812215987,-2.101354931,,294.5029166,1.027979757,-0.2082319219,-0.8775545064
706.083,5.865482349,-1.315477451,-33.92112821,8.882748941,-2.120304645,,294.4142861,0.1855190178,-0.1659814778,-0.8946107883
706.183,5.880761626,-1.280323554,-33.32424172,8.833570868,-2.134401208,,294.3243753,-1.283757223,-0.09018274383,-0.9087686426
706.283,5.711156289,-1.250824621,-32.0714707,8.642773732,-2.133129682,,294.2315282,-2.533258687,0.1452107583,-0.9561153777
706.383,5.459363927,-1.258649847,-30.61656396,8.364126779,-2.109837018,,294.1334789,-2.949819896,0.3226702675,-1.004607583
706.483,5.312074579,-1.262170774,-29.45842265,8.072811581,-2.071603318,,294.0318779,-2.801459993,0.4455686067,-1.021667587
706.583,5.248161914,-1.264140791,-28.7150167,7.809594194,-2.022569735,,293.9303232,-2.412558623,0.5388988792,-1.000948764
706.683,5.237121084,-1.264248821,-28.34775669,7.587834293,-1.965085109,,293.8323055,-1.996036925,0.6147013158,-0.9504225311
706.783,5.252906844,-1.261731397,-28.25123333,7.404508479,-1.90053116,,293.7402091,-1.661727646,0.6805871087,-0.883470508
706.883,5.277583229,-1.256082327,-28.31177587,7.249314497,-1.829627801,,293.6550591,-1.444329315,0.7421994384,-0.813177749
706.983,5.30066274,-1.247824598,-28.43761589,7.110759932,-1.752610739,,293.5767032,-1.333965933,0.8032674161,-0.749423853
707.083,5.231753086,-1.220314934,-28.57548127,6.995519271,-1.669231529,,293.5037104,-0.898416752,0.8881708422,-0.7111514029
707.183,5.172246894,-1.221962366,-28.885788,6.924267101,-1.574797155,,293.4335102,-0.3993359666,1.001214811,-0.6959163091
707.283,5.29835695,-1.221216375,-29.54698731,6.910744345,-1.471188509,,293.3639173,0.09196803887,1.070951962,-0.6964460256
707.383,5.389338343,-1.219465549,-30.19245672,6.927597413,-1.362034217,,293.2936908,0.2057424271,1.111852447,-0.7120755025
707.483,5.441391729,-1.218408689,-30.68461024,6.944913909,-1.249714664,,293.2209206,0.1091335145,1.133910673,-0.7491395073
707.583,5.375590127,-1.192851882,-30.93440437,6.951753616,-1.133229122,,293.1431442,0.1113998141,1.237773182,-0.8213435188
707.683,5.395740378,-1.190038923,-31.28945927,6.977457228,-1.001831235,,293.0562678,0.3980601637,1.403461439,-0.9263206406
707.783,5.447764756,-1.230919258,-31.68857626,7.02243572,-0.8562702839,,292.9585978,0.4784628786,1.493521377,-1.034236272
707.883,5.474202359,-1.26479881,-31.9952441,7.068891722,-0.7066917875,,292.8504914,0.4321341703,1.486213806,-1.133827371
707.983,5.613476859,-1.36699504,-32.2023392,7.085498157,-0.5738766894,,292.7352187,-0.257050515,1.085437021,-1.159119254
708.083,5.501743085,-1.361353929,-31.85492593,7.031961225,-0.4815966053,,292.6193864,-0.7962625194,0.7466256266,-1.150489753
708.183,5.409058635,-1.353970353,-31.41503078,6.940441457,-0.4168412939,,292.5056849,-1.008132857,0.5544000917,-1.115475752
708.283,5.345974328,-1.358693968,-31.03613396,6.838285398,-0.3663507519,,292.3967164,-1.01114684,0.4582969516,-1.053487879
708.383,5.310520117,-1.366669018,-30.77770164,6.741266198,-0.3229424301,,292.2950968,-0.9123134803,0.4120138286,-0.9674950211
708.483,5.199493027,-1.409384283,-30.5676461,6.656788141,-0.2831129539,,292.2029474,-0.6724766969,0.3484227424,-0.8596390456
708.583,5.02850086,-1.410186082,-30.66406176,6.639534523,-0.2543538932,,292.1230094,0.5186394867,0.2162866018,-0.723143534
708.683,5.156788797,-1.439378038,-31.56480408,6.748962671,-0.2414362285,,292.0579325,1.680378927,0.006634151661,-0.5610293987
708.783,5.374554709,-1.433914021,-32.77208226,6.947373678,-0.2507564675,,292.0091305,2.213812032,-0.2188222897,-0.4036397994
708.883,5.497853559,-1.423195051,-33.82739499,7.179305868,-0.2927881043,,291.9765509,2.37079258,-0.6362782944,-0.2366391519
708.983,5.59837471,-1.394145555,-34.65701672,7.409516795,-0.376826844,,291.9603519,2.177664477,-1.052852125,-0.07729749884
709.083,5.643576342,-1.326121284,-35.14878235,7.612731349,-0.4968728861,,291.9589339,1.851420644,-1.326217886,0.05249810524
709.183,5.653055167,-1.243145129,-35.35365269,7.783141344,-0.632291103,,291.9678877,1.540723375,-1.35581778,0.1243569947
709.283,5.723224326,-1.157649748,-35.38837072,7.917501927,-0.764127064,,291.981637,1.080747886,-1.240282813,0.1428073497
709.383,5.763932127,-1.062629367,-35.09727538,7.99108812,-0.8696452554,,291.9931995,0.2771338031,-0.8054880719,0.06841128633
709.483,5.63031308,-1.049746893,-34.39288279,7.993303443,-0.933577487,,291.9947101,-0.1900996772,-0.4696624007,-0.05061546311
709.583,5.530870609,-1.030553583,-33.72628854,7.968700784,-0.9695635911,,291.9837226,-0.2584138705,-0.2447421136,-0.1792674123
709.708,5.507669626,-1.024583637,-33.5418227,7.960458167,-0.9769684827,,291.977202,-0.2255475899,-0.1858129957,-0.2217153719
709.775,5.714644381,-1.04023045,-33.1002293,7.923228935,-0.9902727918,,291.9279187,-0.4545986041,-0.03355068015,-0.3963722958
709.875,5.552572335,-1.005443091,-32.3848007,7.842899556,-0.9956582204,,291.8848158,-1.110893677,-0.06274528038,-0.4727810439
709.975,5.433664319,-0.9864620996,-31.64247116,7.720629622,-1.001014615,,291.8340102,-1.288473932,-0.03718891298,-0.5468286415
710.075,5.364902222,-0.9773190553,-31.06902151,7.594706728,-1.00284561,,291.7764628,-1.192991409,0.00483692943,-0.6051615293
710.175,5.335953692,-0.9739415513,-30.7177823,7.484407997,-1.000447012,,291.7139268,-0.9894435941,0.04547003851,-0.6452602572
710.275,5.331913634,-0.9736276489,-30.56070281,7.395222327,-0.9943307132,,291.6481116,-0.7830261558,0.07802843451,-0.6702359391
710.375,5.339789218,-0.9747363797,-30.53738607,7.32470648,-0.9853788207,,291.5803074,-0.6248242267,0.1015701177,-0.6850057158
710.475,5.350588836,-0.9764039001,-30.58643294,7.267205917,-0.9744332335,,291.5113212,-0.5276880148,0.117640779,-0.694026697
710.575,5.359294492,-0.9782751766,-30.66076172,7.216892672,-0.9621403226,,291.4415759,-0.4830205324,0.1284477766,-0.7003311858
710.675,5.363923,-0.9802723219,-30.7315563,7.169265873,-0.9489313235,,291.3712621,-0.473972181,0.1359819961,-0.7054329596
710.783,5.364304897,-0.9828409323,-30.78927918,7.117525009,-0.9338801699,,291.2945592,-0.4850433505,0.1420991168,-0.7099740491
710.883,5.361522759,-0.9849672828,-30.82321223,7.068324665,-0.9194444448,,291.2233755,-0.5012627089,0.1470082815,-0.7129066245
710.983,5.356814589,-0.9875149903,-30.84188761,7.017543992,-0.9045265163,,291.1519757,-0.5156982792,0.1517782971,-0.7140354822
711.083,5.3511718,-0.9902008694,-30.85105617,6.96552649,-0.8891234384,,291.0805661,-0.5253861107,0.1567748417,-0.7128376671
711.183,5.344752431,-0.9929440909,-30.85553653,6.912771855,-0.8732090101,,291.0093957,-0.5301539305,0.1620403199,-0.7089964402
711.283,5.338177976,-0.9955243681,-30.85867162,6.859726055,-0.8567406402,,290.9387341,-0.5311352885,0.1679994821,-0.7024449172
711.383,5.331625863,-0.9978479537,-30.8623003,6.806700086,-0.8396270123,,290.8688465,-0.5298038613,0.1751062875,-0.6933431185
711.483,5.325131537,-0.9998222359,-30.86708321,6.753863233,-0.8217368484,,290.7999742,-0.5274490134,0.1837060743,-0.6820132254
711.583,5.318644377,-1.0013722,-30.8729615,6.701274643,-0.8029079741,,290.7323214,-0.5249353702,0.1940665652,-0.6688768155
711.683,5.312124656,-1.002452151,-30.87954808,6.648926264,-0.7829549848,,290.6660475,-0.522715856,0.2063765172,-0.6543987729
711.783,5.30554379,-1.003042529,-30.88640198,6.596779763,-0.7616774098,,290.6012652,-0.5209388153,0.2207411467,-0.6390454306
711.883,5.298867258,-1.00315243,-30.8931732,6.544791931,-0.7388682747,,290.5380415,-0.519564712,0.2371776191,-0.6232552109
711.983,5.292038359,-1.002809202,-30.89904841,6.492932151,-0.7143222977,,290.4764023,-0.51834379,0.255632837,-0.6074076308
712.083,5.285175576,-1.00207093,-30.90483001,6.441191353,-0.6878434286,,290.4163377,-0.5171978758,0.2759619097,-0.591830698
712.183,5.278249139,-1.001000229,-30.91044693,6.38956113,-0.6592535997,,290.3578078,-0.5161410223,0.2979532807,-0.5767994857
712.283,5.271254941,-0.9996716985,-30.91585281,6.338033647,-0.628397802,,290.3007477,-0.5151482486,0.3213555298,-0.5625194792
712.383,5.264285097,-0.9976376291,-30.92133835,6.286601434,-0.5951365382,,290.2450723,-0.514265354,0.3463087739,-0.5492608809
712.483,5.257227814,-0.9954864035,-30.92655725,6.235250736,-0.5593027176,,290.1906633,-0.5135098882,0.3727902342,-0.5373015271
712.583,5.246473334,-0.9934557779,-30.93328053,6.184140836,-0.5207825892,,290.1373908,-0.5053256572,0.3999728943,-0.5266356435
712.683,5.236742595,-0.9916380361,-30.94986674,6.134748654,-0.4795385157,,290.0851329,-0.4789878898,0.4271638278,-0.5170209685
712.783,5.657321324,-1.216963157,-31.26254853,6.067252186,-0.4458952755,,290.0352049,-1.412448949,-0.04439177638,-0.4388667976
712.883,5.407960521,-1.071020671,-30.17590086,5.847047375,-0.4891392299,,289.9988015,-2.942601183,-0.7670682356,-0.2803872807
712.983,5.173187978,-0.9965932704,-28.78926759,5.520891581,-0.5786719801,,289.9771895,-3.493498703,-1.007311515,-0.1391881367
713.083,5.03757484,-0.9229931586,-27.63402328,5.170903744,-0.6830173393,,289.9698544,-3.43103779,-1.049098689,0.003717252726
713.183,4.890309059,-0.8279784318,-26.88503895,4.856879808,-0.7835990766,,289.9762623,-2.73116483,-0.8964001451,0.1297053608
713.283,4.836917792,-0.7586142859,-26.88062436,4.642057329,-0.8476902931,,289.9922634,-1.46616822,-0.3421301898,0.1894501076
713.383,4.789176857,-0.732692935,-27.53184698,4.55426105,-0.8587791766,,290.0123276,-0.1343868712,0.147471729,0.2054004518
713.483,4.955903205,-0.7174125373,-28.92471947,4.601888822,-0.827193161,,290.0319972,1.088293863,0.5047440889,0.1789935836
713.583,5.109080397,-0.7118555178,-30.52670256,4.747805327,-0.7655268865,,290.0469829,1.815939979,0.7244627869,0.1079315941
713.683,5.250407197,-0.6995427851,-32.03953158,4.94147653,-0.6871113633,,290.0527555,2.032096108,0.841130679,-0.009981253361
713.783,5.365474245,-0.6902136326,-33.24682816,5.139772516,-0.6000855016,,290.0446617,1.865366883,0.8956841397,-0.1711460764
713.883,5.334176989,-0.6894018836,-34.00626586,5.323087503,-0.5096559598,,290.018792,1.83778309,0.907239236,-0.3650059918
713.983,5.384046161,-0.7007756646,-34.64795225,5.502897401,-0.4199747215,,289.9730315,1.725201547,0.8775131072,-0.5664335153
714.083,5.392168256,-0.7228398614,-35.04162951,5.667175692,-0.3349994175,,289.907298,1.542399119,0.8110471914,-0.7617097847
714.183,5.373923056,-0.7546556521,-35.23827462,5.813749624,-0.2581419227,,289.8228329,1.38336249,0.7135420804,-0.9371428251
714.283,5.343401648,-0.7944440563,-35.31222914,5.947085637,-0.192239731,,289.7221966,1.285174921,0.5908767514,-1.080749827
714.383,5.31045919,-0.839772877,-35.32931675,6.073506494,-0.1395176559,,289.6089763,1.248306657,0.4495415721,-1.184518176
714.483,5.28039485,-0.887882578,-35.3338815,6.198448068,-0.1015153514,,289.4873538,1.255907693,0.2968126866,-1.244916883
714.583,5.339333146,-0.9361738598,-35.37986494,6.318150743,-0.07905208733,,289.361684,1.015355894,0.1394814221,-1.262664471
714.683,5.256561156,-0.9800365087,-35.1411588,6.407493183,-0.07202099792,,289.2359169,0.7905774316,-0.008371841329,-1.244020953
714.783,5.194072449,-1.0195995,-34.8923516,6.483721397,-0.07899544581,,289.1137652,0.7535330442,-0.1385267888,-1.187203139
714.883,5.196694475,-1.053356102,-34.73291092,6.557840871,-0.09806889724,,288.998934,0.6796808107,-0.2483159257,-1.09603467
714.983,5.198881549,-0.9643474245,-34.54325946,6.622594898,-0.115969606,,288.8928807,0.5796312167,0.0107798969,-1.031066812
715.083,5.132150608,-0.9969211838,-34.26536561,6.673895978,-0.0914201772,,288.7905243,0.4684901225,0.5046899168,-1.016469038
715.183,5.086259097,-1.060564547,-34.03504033,6.721642571,-0.02181766692,,288.6890767,0.5057194295,0.8859183628,-1.009184377
715.283,5.059322561,-1.126404158,-33.89931385,6.776719224,0.08004618863,,288.5886559,0.6088087004,1.133108785,-0.9927850426
715.383,5.045756351,-1.182210646,-33.85592545,6.842846936,0.1971360049,,288.4911757,0.7200253032,1.194370127,-0.9479389359
715.483,5.135519296,-1.220723343,-33.93702263,6.914983795,0.3161758849,,288.3992833,0.6062251599,1.177470302,-0.8811014123
715.583,5.07010819,-1.246568741,-33.7377212,6.962434744,0.4321781831,,288.314662,0.3570668707,1.139130301,-0.8014523736
715.683,5.245420689,-1.26669476,-33.626282,6.98179352,0.5443629143,,288.2386466,-0.2443910342,1.101988612,-0.7107204215
715.833,5.314339018,-1.29465357,-33.21822155,6.93846118,0.6170342287,,288.1929326,-1.21868481,1.057924803,-0.6507871752
715.9,4.939663714,-1.318038609,-31.04176773,6.63970776,0.769397782,,288.1068074,-2.480433077,0.9585884476,-0.4675932769
716,4.746052061,-1.322178261,-29.74144726,6.391488863,0.8532690791,,288.0693653,-2.360996229,0.7126908995,-0.2520475919
716.1,4.660977287,-1.307361015,-29.0817652,6.192519055,0.9117702694,,288.0566442,-1.550316627,0.4553074291,0.02756592541
716.2,4.722109029,-1.321750308,-29.09671372,6.066920084,0.9471903158,,288.0728538,-0.9619675567,0.1613480709,0.3291358819
716.3,4.790034587,-1.200171091,-29.36748673,5.986997676,0.9518906869,,288.1192015,-0.6533756405,-0.02309312176,0.6122238965
716.4,4.844579488,-1.166771653,-29.6995756,5.92766286,0.949169267,,288.1910636,-0.5526416203,-0.07074518498,0.8395043175
716.5,4.884158883,-1.046043848,-29.96558973,5.872191138,0.9402177582,,288.2835098,-0.5722736137,-0.06784749759,1.011767261
716.6,4.909154033,-0.948710065,-30.14045318,5.812180596,0.9402636215,,288.3896445,-0.6365963898,0.09980212684,1.107397106
716.7,4.924645599,-0.8634951068,-30.23387833,5.745627311,0.9606497201,,288.5020115,-0.6972145315,0.3335588499,1.131695083
716.8,4.935192518,-0.7878510492,-30.27560146,5.674081634,1.00550094,,288.6138478,-0.7325062816,0.5848652873,1.093145796
716.9,4.943488699,-0.7383414423,-30.29724947,5.600344131,1.073645613,,288.7194922,-0.7392362996,0.7695388169,1.008557183
717,4.951000148,-0.6739296368,-30.31586237,5.527004112,1.158220382,,288.8150051,-0.7239838206,0.9386030293,0.8863630836
717.1,4.956994134,-0.6274458645,-30.34530956,5.455913073,1.259776351,,288.8967655,-0.6943140921,1.103072021,0.7327617381
717.2,4.960719095,-0.5962778935,-30.38865517,5.388181627,1.376602357,,288.9621495,-0.6571747924,1.239083859,0.5590325345
717.3,4.961323163,-0.5792273976,-30.44474056,5.324315425,1.505307145,,289.0096571,-0.6174407481,1.336411359,0.3762899713
717.4,4.957669277,-0.651019383,-30.51903972,5.264419385,1.638127051,,289.0392581,-0.5786966253,1.218283847,0.2140360968
717.5,4.907615542,-0.6527975147,-30.55538128,5.208566956,1.740847031,,289.0555783,-0.492347235,0.8190762092,0.1112379026
717.6,4.926685505,-0.614060991,-30.72764718,5.168188972,1.810476331,,289.0629943,-0.3208873163,0.5853231938,0.03295118952
717.7,4.901235619,-0.6231606457,-30.92059079,5.143338903,1.8616632,,289.0632577,-0.1290124023,0.4142606416,-0.02564529853
717.8,4.927368951,-0.6201397949,-31.22172797,5.137533695,1.896992184,,289.0586282,-0.0004296814647,0.2931187939,-0.06848056865
717.9,4.901994641,-0.6510973851,-31.47961917,5.142304285,1.922241802,,289.0501701,0.1392723634,0.1855551103,-0.09685029362
718,4.925642826,-0.6509232639,-31.79922292,5.161231374,1.934200731,,289.0399557,0.2244683818,0.0544200337,-0.1064317193
718.1,4.8877154,-0.6593774702,-32.02097522,5.184390455,1.93558382,,289.0290529,0.2739296042,-0.02806441065,-0.1085446728
718.2,4.854693528,-0.6935301747,-32.25954089,5.218410738,1.929653249,,289.0185872,0.4501512756,-0.1170237045,-0.09381355536
718.3,4.842997696,-0.7026874121,-32.58648338,5.274553988,1.908161028,,289.0111798,0.7100862817,-0.3131361627,-0.04716447234
718.4,4.903163713,-0.7094594451,-33.05883136,5.357402658,1.867811046,,289.0092398,0.9213031337,-0.4939698178,0.01385681255
718.5,4.939068367,-0.6993828052,-33.47404332,5.451463533,1.813911586,,289.0130171,0.9381234366,-0.5793967986,0.06487882831
718.6,4.952250421,-0.6924692396,-33.76261844,5.542485559,1.75413491,,289.0213442,0.8686000911,-0.6126187864,0.1040356814
718.7,4.950071183,-0.6853808774,-33.92735993,5.625496336,1.692513993,,289.0331042,0.7856476324,-0.6162744658,0.1330435658
718.8,4.940434504,-0.6774321754,-34.00417208,5.701101256,1.631439413,,289.047379,0.7258935332,-0.6015113054,0.1539485889
718.9,4.929301951,-0.6685696968,-34.03391813,5.772243747,1.572430226,,289.0634273,0.6992189422,-0.5748492212,0.1680941773
719,4.976340917,-0.6593800111,-34.09591858,5.841486798,1.516450846,,289.0805897,0.6315000793,-0.5414511754,0.174255728
719.1,4.990912583,-0.6487135233,-34.02972671,5.895343778,1.463998179,,289.0977573,0.3997132964,-0.5036631133,0.1674289951
719.2,4.924028738,-0.6374245409,-33.75476439,5.923449943,1.415569646,,289.1137868,0.1839416477,-0.460042724,0.1528924198
719.3,4.878297354,-0.6274835522,-33.48195212,5.939679254,1.371747255,,289.1284307,0.1615289557,-0.412095787,0.1403457381
719.4,4.854386902,-0.6189721644,-33.30086976,5.958864412,1.332719326,,289.1419506,0.2370145185,-0.364940235,0.1304530718
719.5,4.929322049,-0.6282171584,-33.27957718,5.983577712,1.296535663,,289.1546357,0.1616470855,-0.3836212292,0.1243067316
719.6,4.874109869,-0.6084480006,-33.04556053,5.990169977,1.257337333,,289.166616,-0.01149728005,-0.3926395685,0.1153093488
719.7,4.836930234,-0.5957055933,-32.81931232,5.987494343,1.21902362,,289.1777074,-0.02453804756,-0.3684497339,0.1069890153
719.8,4.817728849,-0.5862906988,-32.67338181,5.987772443,1.183736503,,289.1880391,0.04236941433,-0.3334654104,0.1000798825
719.9,4.811271265,-0.5781639969,-32.61759668,5.996092012,1.152088767,,289.1976794,0.1306564008,-0.296479192,0.09279423358
720,4.811427802,-0.5711079402,-32.62998674,6.012919543,1.124055757,,289.2065041,0.2083177106,-0.2617916378,0.08333725245
720.1,4.813630972,-0.5648594022,-32.68156775,6.036542915,1.09932128,,289.2142376,0.2641893552,-0.2309518649,0.07058360155
720.2,4.815217266,-0.5594576304,-32.7482507,6.064770806,1.077478263,,289.2205317,0.2995106694,-0.2043318157,0.05428148235
720.3,4.815071528,-0.5550509205,-32.81487382,6.095821699,1.058102665,,289.2250494,0.3206677177,-0.1819501436,0.03493792685
720.4,4.924412789,-0.5518049273,-32.901337,6.116822617,1.040693308,,289.2272918,-0.01804907533,-0.1656765326,0.005766842793
720.5,4.840278107,-0.547881122,-32.56531954,6.097115899,1.024908011,,289.2262036,-0.3509452715,-0.147572388,-0.02871834342
720.6,4.780697219,-0.5463830874,-32.19659672,6.057197286,1.011112388,,289.2220067,-0.4211935034,-0.1264305023,-0.05462739394
720.7,4.747841929,-0.5469731529,-31.93194791,6.017629117,0.9993899744,,289.2157463,-0.3509023643,-0.1068915886,-0.06904032568
720.892,4.734623138,-0.5485987704,-31.80179641,5.987823585,0.989439872,,289.2085162,-0.2344340855,-0.09153747265,-0.07370318397
720.892,4.734623138,-0.5485987704,-31.80179641,5.987823585,0.989439872,,289.2085162,-0.2344340855,-0.09153747265,-0.07370318397
720.992,4.733781087,-0.551167613,-31.82146548,5.961224719,0.9735765225,,289.1947425,-0.0545252319,-0.074331938,-0.06684871791
721.092,4.735235274,-0.5523123977,-31.89366816,5.958264623,0.9664918465,,289.18827,-0.006195181805,-0.06706810928,-0.06115560032
721.192,4.734877997,-0.5528293495,-31.97068376,5.958985823,0.9600595141,,289.1823708,0.01885394319,-0.0610658886,-0.0555286765
721.292,4.732441169,-0.5527116105,-32.03973729,5.961533399,0.9542323148,,289.1770068,0.03085053832,-0.05476223246,-0.05055973935
721.392,4.728419489,-0.5521570333,-32.09721581,5.965007186,0.94907795,,289.1721028,0.03809102303,-0.04746793362,-0.04639710161
721.492,4.723527186,-0.5513116084,-32.1448527,5.969188739,0.944705199,,289.1675797,0.04559173182,-0.03904225233,-0.04298745668
721.592,4.718380015,-0.5500687028,-32.18641312,5.974221286,0.9412253701,,289.1633657,0.0554595773,-0.02947760411,-0.04028560259
721.692,4.713312669,-0.5486856607,-32.2250141,5.980362264,0.9387541684,,289.1593869,0.06792231482,-0.01887663311,-0.03833464974
721.792,4.708467789,-0.5473117705,-32.26280283,5.987846166,0.9373699605,,289.1555711,0.08233997714,-0.007768494379,-0.03707665379
721.892,4.703846087,-0.5459810533,-32.30094497,5.99682888,0.9371052766,,289.1518511,0.0978491945,0.003473188109,-0.03646302992
721.992,4.699341497,-0.5450402,-32.33944714,6.007384997,0.9379564431,,289.1481661,0.11375448,0.01437586958,-0.03637325615
722.092,4.694928255,-0.5443447689,-32.37836879,6.01953265,0.9398562501,,289.1444775,0.1296099562,0.02439326642,-0.03653125712
722.192,4.690576817,-0.5436928045,-32.41765588,6.033252235,0.9427272347,,289.1407646,0.1451375767,0.03377857818,-0.03686159488
722.292,4.68624883,-0.5431326745,-32.4569288,6.048506461,0.9465125815,,289.1370133,0.1602710212,0.04264703418,-0.03729602829
722.392,4.719775297,-0.5426972543,-32.50821231,6.061895144,0.9511377325,,289.1331593,0.04965624211,0.05027005608,-0.04020069441
722.492,4.688050558,-0.5416909647,-32.40697991,6.061372215,0.9565706165,,289.1288702,-0.05068913074,0.05971122027,-0.04474329233
722.592,4.66553053,-0.5412572195,-32.29938678,6.05531933,0.9630536067,,289.1242477,-0.06102141873,0.07113054829,-0.04629234654
722.692,4.652359621,-0.54126646,-32.23176529,6.050682963,0.9707016521,,289.1196431,-0.02507486609,0.08279409008,-0.04413195896
722.792,4.645822877,-0.5413785911,-32.21245885,6.050473278,0.9794869495,,289.1153948,0.02444667149,0.09373159396,-0.03914052793
722.892,4.642827243,-0.541324858,-32.23077024,6.055097162,0.9893245939,,289.1117241,0.06928382244,0.1037930836,-0.03268192395
722.992,4.64102224,-0.5409835387,-32.27084099,6.063706262,1.000138474,,289.1087197,0.102845334,0.113272471,-0.02596356571
723.092,4.639043971,-0.5403575209,-32.31923804,6.075154331,1.011888208,,289.1063672,0.1255796772,0.1225499528,-0.01978637347
723.192,4.636383743,-0.5395229425,-32.36754988,6.088502431,1.024566967,,289.1045914,0.1408637375,0.1318862696,-0.01454043319
723.292,4.633016197,-0.5385803798,-32.41176404,6.103178196,1.038185908,,289.1032935,0.1523827126,0.1413675232,-0.01030817996
723.392,4.629173366,-0.5376337575,-32.45160363,6.118941875,1.052757715,,289.1023756,0.162858131,0.1509270226,-0.006990391732
723.492,4.625110185,-0.5367625834,-32.48814292,6.135761622,1.068282948,,289.1017539,0.1736740476,0.1603977011,-0.004418066104
723.592,4.621003124,-0.5360234057,-32.52263784,6.15369845,1.084744092,,289.1013623,0.1852864013,0.1695918097,-0.002401450446
723.692,4.616926875,-0.5354520827,-32.55612178,6.172831705,1.102105546,,289.1011538,0.1976225268,0.1783424656,-0.0007569513795
723.792,4.612919988,-0.5350684163,-32.589214,6.193221149,1.120316868,,289.1010992,0.2103930672,0.1865252998,0.0006841629384
723.892,4.60900268,-0.5347873852,-32.62226357,6.21489553,1.139317835,,289.101185,0.2232819138,0.1941075112,0.002062580542
723.992,4.605267457,-0.5339500803,-32.65601276,6.237852702,1.159073711,,289.1014022,0.2359875159,0.2018272209,0.003229903181
724.092,4.601437104,-0.5338516192,-32.68881647,6.262071045,1.179597921,,289.101726,0.2485171614,0.2091893702,0.004263475456
724.192,4.597626923,-0.5339242989,-32.7212108,6.287535216,1.20081921,,289.1021588,0.2608807343,0.215725643,0.005444186956
724.292,4.943961381,-0.6022419001,-32.98040605,6.298375807,1.220158363,,289.102603,-0.4832736662,0.08600472629,0.00222772681
724.392,4.740027131,-0.5627340778,-31.90186532,6.183841453,1.214198304,,289.1026743,-1.74818711,-0.1844701094,0.001632187052
724.492,4.550099078,-0.5287794261,-30.54230937,5.986452098,1.191887359,,289.103388,-2.112461428,-0.2442356036,0.01908970805
724.592,4.446114873,-0.5115420894,-29.50414301,5.779418383,1.168327101,,289.1069893,-1.963408501,-0.2164249161,0.0608438353
724.692,4.414671296,-0.4992944473,-28.92675253,5.597670954,1.149191493,,289.1155829,-1.636219278,-0.1590530575,0.1182084584
724.792,4.450389918,-0.486337019,-28.70060267,5.440410004,1.136180921,,289.1299476,-1.508996865,-0.09484323019,0.1735054203
724.892,4.446937714,-0.470771872,-28.58220655,5.295595724,1.129808291,,289.1495156,-1.378563408,-0.02631581919,0.2210893291
724.992,4.452865198,-0.453479289,-28.58156114,5.162945347,1.130386233,,289.1733192,-1.27250831,0.04396312348,0.2565615311
725.092,4.46071857,-0.435282348,-28.64397488,5.039162845,1.138000527,,289.1999945,-1.20453497,0.1141235546,0.2769766943
725.192,4.466561989,-0.417244458,-28.72769178,4.920616273,1.152561214,,289.2279826,-1.168590599,0.1824399462,0.281546777
725.292,4.46906455,-0.4004616997,-28.80914824,4.804669698,1.173798123,,289.2557346,-1.151972562,0.2469999153,0.2713399947
725.392,4.468290562,-0.3858838129,-28.87916338,4.689957077,1.201242583,,289.2818736,-1.142874196,0.3057699659,0.248731608
725.492,4.464781306,-0.3996032079,-28.94177218,4.576114849,1.233930895,,289.3053176,-1.13371293,0.3233820452,0.2192203666
725.592,4.431407158,-0.4001048847,-29.02943775,4.471832667,1.264013617,,289.3261463,-0.9392496057,0.2584125929,0.1980469926
725.692,4.37284615,-0.3712704247,-29.22938429,4.392190789,1.285949606,,289.3452997,-0.5996072106,0.1896092568,0.1853684555
725.792,4.370316642,-0.39001211,-29.73906887,4.358577452,1.297742948,,289.363969,-0.02771178021,0.01631127234,0.1930068256
725.892,4.345872684,-0.3617282229,-30.48033154,4.382250324,1.294250453,,289.3837418,0.5811043655,-0.07804641428,0.2042666714
725.992,4.431981786,-0.3663921616,-31.49794359,4.459782172,1.28257313,,289.4043853,0.9580615987,-0.183790531,0.209658617
726.092,4.534019442,-0.3454026026,-32.46877279,4.562863694,1.260291813,,289.4250252,1.047501041,-0.2575356209,0.1992075531
726.175,4.563783336,-0.3361622355,-33.00287614,4.63844812,1.240009301,,289.4392457,0.9414547681,-0.2835611881,0.1767038748
726.275,4.541770211,-0.3275766911,-33.49847412,4.739700827,1.208326604,,289.4563309,0.9166426387,-0.3003792792,0.1347929073
726.392,4.548726603,-0.3247293017,-33.84062764,4.834190888,1.175256062,,289.468399,0.8131796633,-0.3105657185,0.08420216391
726.492,4.537407213,-0.3252049177,-34.00182089,4.917071618,1.14112336,,289.4748362,0.7140977375,-0.3204836219,0.03190419197
726.592,4.520977197,-0.3294006602,-34.05342788,4.98579284,1.108554985,,289.4759112,0.662077501,-0.3324012053,-0.01200674047
726.692,4.533869887,-0.3354939463,-34.0332023,5.042450611,1.074578721,,289.4727435,0.4626448947,-0.3485179962,-0.05279741363
726.792,4.574544876,-0.3428238786,-33.88678251,5.075409266,1.038936534,,289.4657125,0.146204548,-0.3655892134,-0.0891670429
726.892,4.491546605,-0.3501238138,-33.46040677,5.077661485,1.001718879,,289.4553927,-0.0693947533,-0.3788516384,-0.11583543
726.992,4.441146051,-0.3586430351,-33.08890322,5.070134431,0.9633797105,,289.4431897,-0.05491977505,-0.3883631402,-0.1251149573
727.092,4.416325191,-0.367115324,-32.87188231,5.069442383,0.9241374875,,289.4308301,0.05699302725,-0.3971374445,-0.1181788966
727.192,4.406410367,-0.3740859719,-32.80311176,5.080992087,0.8840281389,,289.4197462,0.1807672404,-0.4055162556,-0.09946410451
727.292,4.405591979,-0.378573723,-32.83338543,5.103765943,0.8431569576,,289.410877,0.275433208,-0.411841167,-0.07415262519
727.392,4.406952653,-0.3802159433,-32.90964732,5.134266672,0.8018307222,,289.4046684,0.3326794832,-0.4139191565,-0.04671412435
727.492,4.407252545,-0.3791190546,-32.99517925,5.169061157,0.7605572524,,289.4011729,0.360882661,-0.4101050809,-0.02042986074
727.592,4.43410717,-0.3490124246,-33.0325355,5.197004046,0.7202223684,,289.4000039,0.1844825828,-0.3654465001,-0.004000214987
727.692,4.430521541,-0.3424431962,-32.8860683,5.202483829,0.6904977118,,289.3994471,-0.07570219759,-0.2016096902,-0.01019705668
727.792,4.381005463,-0.3572139345,-32.617685,5.19047446,0.6758359307,,289.3978735,-0.1436858894,-0.09605138615,-0.02056370783
727.892,4.353234704,-0.3618760198,-32.42203984,5.177796437,0.668909206,,289.3954634,-0.09491527445,-0.04331389145,-0.02635097858
727.992,4.421756996,-0.3365364951,-32.35367954,5.164964071,0.6663577109,,289.3925709,-0.2787991177,0.02095687542,-0.03460710014
728.092,4.356456491,-0.3531811604,-32.0287294,5.128026375,0.6736934191,,289.3882247,-0.4349111333,0.1209134225,-0.05194238045
728.192,4.345444029,-0.3333938648,-31.71184901,5.075609231,0.6884806371,,289.3822959,-0.6050875963,0.203022397,-0.06819495004
728.292,4.37971473,-0.3552956851,-31.39470187,5.005108076,0.7142727442,,289.3744901,-0.8470642555,0.3063829554,-0.08786414465
728.392,4.297933515,-0.365160426,-30.8922727,4.911457793,0.7472984239,,289.3649985,-0.9904051011,0.3529839694,-0.09990388983
728.492,4.253049858,-0.3716820775,-30.51195489,4.814370081,0.7838807289,,289.35492,-0.9254794676,0.3786588318,-0.09821676892
728.592,4.235452414,-0.376468463,-30.31980334,4.727907271,0.8225382136,,289.3455936,-0.7901240399,0.3947054016,-0.08450717545
728.692,4.232236492,-0.3800692889,-30.28215446,4.654982261,0.8625192056,,289.3380248,-0.6640569447,0.4051985011,-0.0632337388
728.792,4.233691736,-0.3821516256,-30.33600728,4.592951381,0.9034105539,,289.3327574,-0.5773941167,0.4131785417,-0.03889391325
728.892,4.234406687,-0.382706565,-30.42590637,4.537711742,0.9450825248,,289.3299346,-0.5299836737,0.4211659685,-0.01478647314
728.992,4.232401228,-0.3819796733,-30.51730904,4.485875923,0.9876193305,,289.3294361,-0.5090748959,0.4308042633,0.007207240667
729.092,4.227759364,-0.3803280529,-30.59550285,4.435452197,1.031224774,,289.3310073,-0.5007353334,0.4427750471,0.02630773138
729.2,4.221376143,-0.3781104598,-30.65880193,4.385680748,1.076133244,,289.3343498,-0.4950196923,0.4569902565,0.04239921668
729.3,4.213549505,-0.375405535,-30.7156394,4.332517705,1.12648021,,289.3396324,-0.4859675973,0.4742028293,0.05670548362
729.4,4.206119237,-0.3729354065,-30.76280508,4.284504261,1.174669055,,289.3457569,-0.4735529154,0.4911354358,0.06729517281
729.5,4.198784394,-0.3706500167,-30.80906358,4.237895247,1.224561181,,289.3528407,-0.4577910725,0.5081646652,0.07577495353
729.6,4.191577512,-0.368698541,-30.8569608,4.192966435,1.276136385,,289.3606893,-0.4400035083,0.5246587328,0.08250886476
729.7,4.184394108,-0.3671840514,-30.90705854,4.149864502,1.329317494,,289.3691457,-0.4213297129,0.5401292657,0.08788580993
729.8,4.176777907,-0.3679862238,-30.95707507,4.108645097,1.383965281,,289.3780993,-0.4023355443,0.5531145451,0.0926821335
729.9,4.168781016,-0.3704346579,-31.00732964,4.069337807,1.439660608,,289.3875803,-0.3831788622,0.5608504211,0.09870433328
730,4.160739741,-0.3726741146,-31.05950804,4.031929627,1.495989792,,289.397733,-0.3644447127,0.5659356417,0.1062495069
730.1,4.15258216,-0.374854051,-31.11270836,3.996369314,1.552767974,,289.4087101,-0.3462586295,0.5699070283,0.1153101609
730.2,4.144318599,-0.3769655832,-31.16629259,3.962607601,1.609922877,,289.4206601,-0.3284748132,0.573536706,0.1258116643
730.3,4.13599258,-0.3789531072,-31.21993558,3.930613133,1.667443329,,289.4337216,-0.310899298,0.5772908897,0.1376195913
730.4,4.127634828,-0.3807556868,-31.27354065,3.900372662,1.725357276,,289.4480169,-0.2933799395,0.5814874832,0.150548099
730.5,4.11926304,-0.3823186603,-31.32666809,3.87188877,1.783720263,,289.4636484,-0.2757294085,0.5863606348,0.1643802489
730.6,4.110797933,-0.3836196867,-31.38010459,3.8451755,1.84260718,,289.4806953,-0.2579773212,0.5920487876,0.1788671235
730.7,4.101060727,-0.3846471485,-31.43377235,3.820237801,1.902101327,,289.499212,-0.2402363249,0.5985750088,0.1937732199
730.8,4.091339941,-0.3853847433,-31.48755824,3.797072096,1.962288017,,289.5192295,-0.2225384032,0.6059783252,0.2088593072
730.9,4.081649298,-0.3858599144,-31.5413924,3.775674473,2.023255209,,289.5407552,-0.204872958,0.6142491314,0.2238960864
731,4.071975501,-0.3861114292,-31.59523812,3.756042988,2.085086532,,289.5637749,-0.187213107,0.6233090043,0.2386920809
731.1,4.062326016,-0.386188185,-31.64908048,3.738178007,2.14785544,,289.5882575,-0.1695379474,0.633031776,0.2531011204
731.2,4.052703328,-0.386145721,-31.70291498,3.722081278,2.211621188,,289.6141595,-0.1518451152,0.6432594885,0.2670262096
731.3,4.043082852,-0.3860422263,-31.75673943,3.707754764,2.276426327,,289.6414298,-0.1341330083,0.6538167947,0.2804207829
731.4,4.033464153,-0.3859350221,-31.8105479,3.695200319,2.342295571,,289.6700152,-0.116400645,0.6645240307,0.2932865717
731.5,4.023492655,-0.4429079976,-31.87076866,3.68441673,2.408568313,,289.6999074,-0.09890878458,0.5995690745,0.3108014545
731.6,4.014982381,-0.4169992092,-31.92317529,3.675249054,2.455253352,,289.732774,-0.08482680538,0.3483826275,0.3510055887
731.7,4.006770902,-0.3893895536,-31.97303055,3.667390325,2.485652725,,289.769524,-0.07216288913,0.2710397508,0.3870295338
731.8,3.998983325,-0.3744897662,-32.02205216,3.660840786,2.512070223,,289.8095896,-0.05834658985,0.2634700593,0.4166056987
731.9,3.991714946,-0.3635297238,-32.07077472,3.655749037,2.539163003,,289.8522861,-0.04288523591,0.2826745841,0.4389674605
732,3.984869376,-0.3538607841,-32.12001081,3.652268077,2.568735842,,289.8968778,-0.02609512596,0.3122886186,0.4538962809
732.1,3.978216992,-0.3449399872,-32.17016235,3.650509019,2.601466572,,289.9426304,-0.008446780196,0.345345963,0.4616733063
732.2,3.971535309,-0.3369045503,-32.22124502,3.650540124,2.637520845,,289.9888582,0.009703325022,0.3783142199,0.4630184136
732.3,3.811845467,-0.4121814268,-32.17202468,3.657471971,2.667238508,,290.0359147,0.310309061,0.1191461993,0.4962744114
732.4,3.851255344,-0.3765118009,-32.81762683,3.733176157,2.657780179,,290.0900882,1.188358098,-0.2902013254,0.5942364566
732.5,3.974942293,-0.3238731355,-33.82705115,3.868365943,2.621117908,,290.1526005,1.452843979,-0.4262914686,0.6547239385
732.6,4.036289943,-0.2905297837,-34.6001854,4.011436285,2.576812973,,290.2191837,1.365779126,-0.4507744569,0.6733315016
732.7,4.050608368,-0.2640924316,-35.02719272,4.139403121,2.532493732,,290.2860655,1.173687921,-0.4290023933,0.6599635388
732.8,4.039934732,-0.2422979557,-35.1831565,4.248873096,2.491397861,,290.3505796,1.012146167,-0.387699213,0.6259934696
732.9,4.021889996,-0.2252057126,-35.1918054,4.345519456,2.454758532,,290.4111075,0.9251956993,-0.3412828843,0.5805239103
733,4.005953927,-0.2129457777,-35.15365132,4.436699925,2.422639139,,290.4668047,0.9046748865,-0.2987785091,0.5297407344
733.1,3.994895766,-0.2053191876,-35.12499294,4.527892891,2.394376922,,290.5173361,0.9241730556,-0.2655238142,0.4776159197
733.2,3.987806901,-0.2018824483,-35.12477619,4.621909429,2.368914953,,290.5626979,0.9590338833,-0.2439400849,0.4268427786
733.3,3.982650987,-0.2020678703,-35.15029298,4.719494908,2.345059283,,290.603124,0.9938033868,-0.2342951584,0.3794983734
733.4,3.977745584,-0.205246433,-35.19098587,4.820280018,2.321659236,,290.6390397,1.021999996,-0.2354540626,0.3373346169
733.5,4.141230861,-0.2116332729,-35.39005758,4.92170566,2.297698911,,290.6709619,0.8304386177,-0.2475909944,0.2933826043
733.6,4.192035448,-0.2160787036,-34.96410489,4.959435549,2.271997995,,290.6967487,-0.242911102,-0.2669614612,0.2123347036
733.7,4.015384885,-0.2413928707,-33.66769823,4.896294296,2.242873201,,290.7146604,-0.9960078997,-0.346694687,0.1491639347
733.8,3.863370743,-0.2359078649,-32.34156144,4.787875122,2.205550313,,290.7283816,-1.08845775,-0.3918627837,0.1321651816
733.9,3.860459556,-0.2417729453,-31.54742174,4.689020582,2.165974493,,290.742232,-0.898529909,-0.3977710459,0.1503392417
734,3.937118026,-0.2473751662,-30.9852616,4.584610099,2.1261314,,290.7578152,-1.240454429,-0.3971906516,0.1634564389
734.1,3.870604735,-0.248789432,-30.13867635,4.441032182,2.08688397,,290.7747118,-1.59052804,-0.383586525,0.1797416521
734.2,3.801946428,-0.2485027622,-29.37677576,4.281665667,2.049713495,,290.7941558,-1.550126545,-0.355927964,0.2160103642
734.3,3.781499813,-0.2461796387,-28.94946005,4.135136271,2.015611049,,290.8178807,-1.356222974,-0.322853718,0.2646221541
734.4,3.784943601,-0.2404983353,-28.8137674,4.008705484,1.984902722,,290.846625,-1.165390185,-0.2881022683,0.3148912215
734.5,3.795000703,-0.2311058925,-28.85269715,3.898643318,1.957745258,,290.8801383,-1.038072458,-0.2514898892,0.3583201996
734.6,3.802932586,-0.2186426712,-28.96090505,3.798193942,1.934379154,,290.9174776,-0.9760329938,-0.2118799083,0.389879525
734.7,3.805950048,-0.2042975168,-29.07241001,3.701756468,1.915126411,,290.9573457,-0.9571014549,-0.1690167511,0.4076540242
734.8,3.804540466,-0.1894156373,-29.16053409,3.606172639,1.900273444,,290.9983637,-0.957027214,-0.1239860365,0.4119391637
734.9,3.800217016,-0.1752114358,-29.22366986,3.510390656,1.889945975,,291.0392477,-0.9593035348,-0.07890437489,0.4043215
735,3.79426933,-0.1626349649,-29.27057466,3.414593579,1.884035179,,291.0789065,-0.9562233501,-0.03627062453,0.3870386942
735.1,3.787424911,-0.1523427843,-29.31108912,3.319423002,1.88218705,,291.1164875,-0.9462912529,0.001604822738,0.3625970985
735.2,3.779862191,-0.1447166707,-29.35205233,3.225507529,1.88383965,,291.1513923,-0.9310430992,0.03296130995,0.3335608227
735.3,3.771500021,-0.139897429,-29.39669111,3.133275344,1.888286697,,291.1832769,-0.912726285,0.05674338399,0.3024240942
735.4,3.762190014,-0.1378203531,-29.4456189,3.042944237,1.894749383,,291.2120397,-0.8931558753,0.07260838806,0.2715097561
735.5,3.751824867,-0.1382493262,-29.49812824,2.954585151,1.90244459,,291.2377996,-0.8733846103,0.08084891349,0.2428740768
735.6,3.740446471,-0.1408139792,-29.55340304,2.868194223,1.91064321,,291.2608659,-0.853865436,0.08227256286,0.2182161195
735.7,3.728164344,-0.1450397049,-29.61051469,2.783734513,1.918715031,,291.281698,-0.8347898216,0.07806421242,0.198798593
735.8,3.715121749,-0.1503893579,-29.66830815,2.701169419,1.926162425,,291.3008608,-0.8159622567,0.06969092881,0.1854268962
735.9,3.701297593,-0.1563208658,-29.72687055,2.620483822,1.932640734,,291.3189756,-0.7971646618,0.05872658238,0.1783570142
736,3.687184108,-0.1623038014,-29.78589974,2.54168076,1.937962896,,291.3366662,-0.7783146611,0.04673567661,0.1773958671
736.1,3.672976766,-0.1678643071,-29.84542569,2.464763934,1.942094733,,291.3545225,-0.7594512812,0.03518693688,0.1820200309
736.2,3.600802077,-0.2343811014,-29.85825188,2.390370061,1.944415783,,291.3731219,-0.6669506395,-0.05668305417,0.1980233571
736.3,3.548591768,-0.2172299984,-30.13829462,2.348269373,1.926718024,,291.3952598,-0.1078708182,-0.3169142856,0.2551387411
736.4,3.618317309,-0.1878841483,-30.83397655,2.352460188,1.888235157,,291.4233674,0.1493559988,-0.441755283,0.3098957199
736.5,3.602841458,-0.1857774117,-31.41010815,2.372332092,1.836451674,,291.4566186,0.2877492803,-0.5895936756,0.3601751995
736.6,3.54724438,-0.1965422021,-31.95602481,2.411650239,1.767312217,,291.4950995,0.6094496797,-0.8218086337,0.4192134471
736.7,3.485112114,-0.2493015435,-32.72952878,2.497544192,1.671187003,,291.5403231,1.205620075,-1.191627886,0.4992458724
736.8,3.587784867,-0.1482288492,-33.9530703,2.646888616,1.536206593,,291.5942424,1.718774503,-1.473259819,0.5809726975
736.9,3.675981197,-0.08963156044,-35.05994422,2.820605482,1.385196341,,291.654397,1.692840554,-1.530082676,0.6194425447
737,3.679072868,-0.04314979957,-35.71051123,2.980261003,1.233196879,,291.7164678,1.470884655,-1.498034303,0.6169722001
737.1,3.647188007,-0.002735820958,-35.97197468,3.117397542,1.086424008,,291.7767011,1.265929279,-1.427833781,0.5812397747
737.2,3.606592785,0.0316487941,-36.01328704,3.238030814,0.9474124477,,291.8321512,1.152354186,-1.344953657,0.5205070485
737.3,3.57178743,0.05926888708,-35.97986341,3.351468002,0.8166483721,,291.8806726,1.12459291,-1.265201053,0.4423687927
737.4,3.666501077,0.07915920317,-36.06400828,3.463478987,0.693314693,,291.9208231,0.9970785747,-1.199511188,0.3517331348
737.5,3.705318296,0.09440140152,-35.70883986,3.530447746,0.5756896968,,291.9510301,0.2306090457,-1.150336906,0.2415320839
737.6,3.642990147,0.1482959282,-34.74145003,3.524045336,0.4685764895,,291.9692924,-0.4178596531,-0.9536525566,0.1110342612
737.7,3.635809305,0.1580565929,-33.56134303,3.45679657,0.3877124843,,291.9737632,-1.048606734,-0.6412137487,-0.03358578565
737.8,3.527247311,0.1310607695,-32.12430211,3.33395673,0.3340865675,,291.9640186,-1.372933835,-0.4160577167,-0.1681239759
737.9,3.504611639,0.1223463821,-30.86863973,3.180669904,0.3026449058,,291.9417339,-1.70108835,-0.1604748754,-0.2846073008
738,3.407490192,0.03848379473,-29.77570003,3.011780372,0.2958469312,,291.9087116,-1.607552542,-0.002498846962,-0.3758168747
738.1,3.389276926,-0.01809299906,-29.19500968,2.864174866,0.296343798,,291.8684861,-1.312250236,-0.003465622363,-0.4244547362
738.2,3.408248226,0.04720921706,-29.0267239,2.745946472,0.3000434219,,291.8249653,-1.045914557,0.1730184348,-0.4456798246
738.3,3.479644149,0.06783689703,-29.10511761,2.64552949,0.3651649122,,291.7778043,-1.038498715,1.204685284,-0.5054769614
738.4,3.439926707,-0.1015492932,-29.05890342,2.538839863,0.5077864325,,291.7251065,-1.08523486,1.587112757,-0.543998594
738.5,3.401312273,-0.1898787503,-29.01327324,2.430935366,0.6698066443,,291.6703677,-1.065294071,1.626521731,-0.5427415253
738.6,3.370340292,-0.2495198422,-29.00915513,2.326413044,0.8297301717,,291.617548,-1.021315081,1.557330164,-0.5030162756
738.7,3.344577706,-0.2954411413,-29.04542357,2.226359581,0.9811097849,,291.57028,-0.9788468417,1.461168912,-0.4300627486
738.8,3.322063909,-0.331092402,-29.10522774,2.130045822,1.122910503,,291.5315533,-0.9480676414,1.369359542,-0.3314392257
738.9,3.30184267,-0.3568284341,-29.17057342,2.036266099,1.256282816,,291.5035453,-0.9285487828,1.295616985,-0.2157401385
739,3.223794306,-0.372266936,-29.17600929,1.94473938,1.383368243,,291.4875753,-0.8389303225,1.246768192,-0.08989260585
739.1,3.203279039,-0.3793555458,-29.41562237,1.875614245,1.506788061,,291.484745,-0.4868293523,1.223406671,0.04744727717
739.2,3.206081138,-0.377359424,-29.90668056,1.841314122,1.628800157,,291.4957441,-0.157451725,1.220027983,0.1848806215
739.3,3.171453349,-0.388770516,-30.52653717,1.84142183,1.748972793,,291.5203659,0.2674214446,1.150884203,0.3229146164
739.4,3.266142478,-0.3544903443,-31.42225335,1.879555928,1.862017869,,291.5584351,0.4388581051,1.12176451,0.4439039215
739.5,3.25971586,-0.3228174334,-32.05748976,1.924175962,1.975342854,,291.6071176,0.4924649496,1.154767367,0.5347798886
739.6,3.246370487,-0.2919843313,-32.60655012,1.977204312,2.09353725,,291.6636274,0.6127934362,1.21766948,0.597293361
739.7,3.251796282,-0.248480221,-33.20924199,2.051100609,2.224380874,,291.7249123,0.8470995113,1.406148804,0.6251429414
739.8,3.289915868,-0.2348848741,-33.78770757,2.136770105,2.370477841,,291.7871972,0.8362534742,1.515731553,0.6148230395
739.9,3.233360611,-0.2190586092,-34.07085885,2.216612543,2.525554618,,291.847064,0.8119883772,1.588036203,0.5794062648
740,3.262447526,-0.2097617638,-34.41525137,2.303437144,2.68680947,,291.903128,0.9063231256,1.636980981,0.5368475143
740.1,3.26942191,-0.2071560841,-34.6855915,2.394189327,2.851871558,,291.9543987,0.8973811823,1.662849202,0.4840674824
740.2,3.261033973,-0.2115786112,-34.84636788,2.482327213,3.018581777,,292.0002698,0.8612008136,1.668708608,0.4303829701
740.3,3.24496076,-0.2226480111,-34.92560585,2.567190307,3.185048218,,292.0410716,0.8363847093,1.656873313,0.3846371545
740.4,3.179744684,-0.2392779251,-34.95776261,2.654974107,3.34964663,,292.0781714,0.9956746621,1.630874829,0.3631661252
740.5,3.198576266,-0.3090041926,-35.22770095,2.762161245,3.504753594,,292.114645,1.132413717,1.427529254,0.3718811584
740.6,3.169559019,-0.2949377896,-35.53807094,2.887672287,3.63794892,,292.1535432,1.375631732,1.245325288,0.4115948232
740.7,3.192498963,-0.3021493141,-35.94658541,3.02874885,3.757814796,,292.1964683,1.422982703,1.152343461,0.4505527008
740.8,3.192500728,-0.3134205328,-36.22032213,3.169160983,3.870161687,,292.2432179,1.372506055,1.093487413,0.4886330886
740.9,3.18003199,-0.3240032226,-36.35296646,3.303431778,3.977556706,,292.2938747,1.308644971,1.053634116,0.5294593908
741,3.211347062,-0.3324033382,-36.40168511,3.427745828,4.081592863,,292.3485007,1.103192306,1.026510296,0.5626984265
741.1,3.159672659,-0.3373727275,-36.16717513,3.530100611,4.183584511,,292.406307,0.9629801519,1.014940935,0.5999620593
741.2,3.240089563,-0.3407093506,-36.01324703,3.620572704,4.285007871,,292.468083,0.7199955001,1.014069111,0.6312506756
741.3,3.243171076,-0.3094822951,-35.4356199,3.66624178,4.398418397,,292.5304342,0.1593708297,1.259308703,0.6139390936
741.4,3.185774951,-0.2823153113,-34.54961671,3.666466539,4.53630389,,292.5912125,-0.1570340214,1.531066559,0.6023218784
741.5,3.125565947,-0.3111181558,-33.58802255,3.633269609,4.705354794,,292.6501706,-0.4596935322,1.837100849,0.5832646627
741.6,3.055225097,-0.3414310971,-32.79058956,3.589390362,4.895483638,,292.7093465,-0.3696196174,1.957122465,0.6088176695
741.7,3.034904047,-0.3573244864,-32.3990136,3.562232208,5.093711472,,292.7721763,-0.1530443888,2.004090535,0.6547014637
741.8,3.040077913,-0.3678096265,-32.31689101,3.555900457,5.295028592,,292.8399565,0.02834761164,2.020398588,0.7064698251
741.9,3.049830874,-0.3753081578,-32.39073241,3.564028876,5.497268159,,292.9128737,0.1283088839,2.02334716,0.7564715167
742,3.055006039,-0.3807445252,-32.50445896,3.578812347,5.699539894,,292.9906002,0.1605403864,2.02169662,0.8021701358
742.1,3.05394668,-0.3847359547,-32.59792248,3.594890638,5.901622316,,293.0727077,0.1562982667,2.020070128,0.8439450076
742.2,3.048550981,-0.3878107252,-32.65632242,3.609889201,6.103624245,,293.1588602,0.1413501721,2.020404383,0.8830594868
742.3,3.041265311,-0.3903740703,-32.68757824,3.623464483,6.305764069,,293.2488426,0.1294218085,2.022970588,0.9205357784
742.4,3.033805669,-0.3927054295,-32.70503387,3.636160498,6.508244005,,293.3425175,0.124432813,2.027225784,0.956853493
742.5,3.08962379,-0.4640711674,-32.78585253,3.647936678,6.710370819,,293.4397333,0.04420118875,1.939272926,0.9873077211
742.6,3.040216321,-0.4307863442,-32.5904974,3.642143608,6.8883145,,293.5397692,-0.1437729458,1.641326147,1.020137017
742.7,3.04089217,-0.4512382388,-32.303826,3.614513069,7.041206511,,293.642681,-0.4043089278,1.392375459,1.044659718
742.8,2.995295846,-0.4514213275,-31.91449953,3.570892359,7.166182367,,293.7495459,-0.4437743307,1.091008511,1.102959573
742.9,3.011661951,-0.4731051691,-31.6117425,3.518346751,7.261105044,,293.8618575,-0.6050947528,0.7169025616,1.154138728
743,2.981876556,-0.4463643186,-31.27630243,3.456870576,7.308800944,,293.9810077,-0.6058374818,0.1950051785,1.241960416
743.1,2.977439179,-0.4181377074,-31.09485292,3.399156118,7.306307562,,294.1097865,-0.5409618311,-0.2880366661,1.344960667
743.2,2.986274115,-0.3563794771,-31.04084776,3.348131936,7.267276871,,294.2483546,-0.4786561647,-0.4942259798,1.430968696
743.3,2.999322297,-0.3438146618,-31.06475957,3.302275723,7.212146507,,294.3943893,-0.4410038994,-0.6560729306,1.49333839
743.4,3.012932952,-0.2398994158,-31.1035911,3.259025738,7.138256964,,294.5457425,-0.4267229142,-0.7852825583,1.531571633
743.5,3.024036525,-0.1778396943,-31.14376722,3.216674447,7.060922831,,294.6991918,-0.4215851808,-0.743472395,1.532692203
743.6,3.000503934,-0.1473896931,-31.24535788,3.185693597,6.984697878,,294.8529436,-0.1887881592,-0.7712188415,1.539279654
743.7,3.039754673,-0.1561542671,-31.52887698,3.171753869,6.906639278,,295.0056366,-0.107416961,-0.8561014836,1.510298064
743.8,3.034985823,-0.09333489444,-31.74255044,3.161039641,6.809678285,,295.154753,-0.1158376711,-1.05932789,1.46523489
743.9,3.01784248,-0.06931468983,-31.86815724,3.148274745,6.690200313,,295.2989684,-0.1426451823,-1.31590385,1.413878216
744,2.997676828,-0.09002217023,-31.93245542,3.133180153,6.538466581,,295.4383367,-0.1597873717,-1.781769078,1.374551687
744.1,2.977928891,0.0009348406197,-31.95301374,3.117155817,6.349706461,,295.5737699,-0.1587186214,-1.961635179,1.328948767
744.2,2.96006089,0.04441367818,-31.97284615,3.102076112,6.152245909,,295.7040198,-0.1406561342,-1.975374233,1.27026146
744.3,2.944981026,0.03505605997,-32.00562062,3.089264871,5.955516743,,295.8279313,-0.1142352886,-1.992589126,1.2038563
744.4,2.932550732,-0.00460388548,-32.04994614,3.079110102,5.747063259,,295.9455572,-0.08925587656,-2.281543439,1.150515875
744.5,2.921414551,0.07655232634,-32.08440811,3.07119347,5.506568047,,296.0585249,-0.06926288121,-2.498581787,1.104898911
744.6,2.909968965,0.09584969104,-32.12470944,3.065177044,5.247894201,,296.1669807,-0.05126933627,-2.664746454,1.061252754
744.7,2.898585979,0.1276487156,-32.16273789,3.06094005,4.979149591,,296.27085,-0.0333435372,-2.700698968,1.012153319
744.8,2.887565033,0.1462470342,-32.20199471,3.058524875,4.70925611,,296.3695651,-0.0148103954,-2.693146079,0.957965944
744.9,2.87716777,0.1595831029,-32.24186888,3.057970009,4.440735377,,296.4626796,0.003788585963,-2.675251352,0.9000870617
745,2.868458168,0.405070985,-32.25835315,3.059299611,4.186112478,,296.5492575,0.02444420335,-2.101326204,0.8084530564
745.1,2.861168493,0.3682945313,-32.30979936,3.063042913,4.015368862,,296.6238025,0.05184106272,-1.229675667,0.6659201432
745.2,2.85936942,0.3569758179,-32.36403332,3.069571899,3.931474121,,296.6827096,0.07952575792,-0.3579178443,0.4946781005
745.3,2.830609878,0.2807732152,-32.49581546,3.089903052,3.937004508,,296.7242507,0.3367473089,0.4734398952,0.3249168089
745.4,2.873212212,0.1147945149,-32.81960816,3.12902282,4.004249528,,296.7495903,0.4263393562,0.8060281612,0.1775337333
745.5,2.901129544,0.02020113984,-33.05755926,3.171360444,4.08575408,,296.7622279,0.4069662282,0.7923472109,0.0759581354
745.6,2.918117386,-0.05380760593,-33.17541104,3.209753678,4.159667403,,296.7670371,0.3543377153,0.6657893917,0.02579930152
745.7,2.929933012,-0.1194021675,-33.20441213,3.243007698,4.2190885,,296.7692291,0.3085689112,0.5077999967,0.02759418125
745.8,2.911231336,-0.177312718,-33.19055493,3.272580897,4.262604527,,296.7738355,0.2850338313,0.3514672016,0.07721113714
745.9,2.881809686,-0.2254293971,-33.17541714,3.301087802,4.291221854,,296.7853392,0.2868134077,0.2133662641,0.1671624316
746,2.860347544,-0.2614333942,-33.17773484,3.330249482,4.30724816,,296.8072427,0.2962187852,0.1032282821,0.2854531173
746.1,2.845657345,-0.2839059343,-33.19563865,3.360258111,4.313775911,,296.8417884,0.3024218809,0.02689517454,0.4191757985
746.2,2.836495276,-0.292635223,-33.22017624,3.39060529,4.314328232,,296.8899456,0.3024795626,-0.01310930768,0.5560006021
746.3,2.832083643,-0.2528665107,-33.2401034,3.420729111,4.312958814,,296.9514911,0.2981685164,0.03041993834,0.682631524
746.4,2.830846331,-0.2639696973,-33.2619733,3.450389693,4.322311492,,297.0246023,0.2937300991,0.1528520791,0.7861756421
746.5,2.832780952,-0.2502806838,-33.27856001,3.479649611,4.341352468,,297.1071328,0.2903715215,0.2323891776,0.868495689
746.6,2.836855539,-0.2265903198,-33.29216024,3.508653238,4.368058743,,297.1967884,0.2889039854,0.3085821196,0.926284106
746.7,2.842155116,-0.199291629,-33.304432,3.537620551,4.40254262,,297.2910536,0.2899286269,0.3881860058,0.9585864615
746.8,2.847795326,-0.1720497089,-33.31671839,3.566810982,4.445048921,,297.3874177,0.2935903646,0.4682783659,0.9665905893
746.9,2.852933455,-0.1474045297,-33.32996463,3.596482311,4.495392109,,297.4835745,0.299707892,0.5436396077,0.953283381
747,2.856905398,-0.127183415,-33.34498714,3.626862348,4.552862535,,297.5775827,0.3078446861,0.6092568441,0.9229996908
747.1,2.859130037,-0.1125698893,-33.36156207,3.658127916,4.616296774,,297.667977,0.3174810929,0.6612619217,0.8809230041
747.2,2.857596025,-0.1041445315,-33.379494,3.690410786,4.684212135,,297.7538309,0.3283082364,0.6972832706,0.832595771
747.3,2.851422062,-0.1019177941,-33.39936337,3.723867391,4.754959681,,297.8347771,0.3410291279,0.7164896558,0.7835735683
747.4,2.847998334,-0.105396163,-33.42117403,3.758590292,4.826873722,,297.9109663,0.3531096559,0.7194700296,0.7384609942
747.5,2.846705527,-0.1136864743,-33.44287214,3.794415678,4.898406843,,297.9829656,0.3627106313,0.7080684483,0.7009420609
747.6,2.840873476,-0.1256287366,-33.46263291,3.831093355,4.968242698,,298.0516705,0.3704674734,0.6850849528,0.6738668373
747.708,2.832614464,-0.1399176533,-33.48107302,3.868545122,5.035374842,,298.1182244,0.3780967589,0.6538954022,0.65912577
747.775,2.826212849,-0.1513598446,-33.4945797,3.897117321,5.083541043,,298.1674875,0.383268249,0.6272784628,0.6564699926
747.875,2.817765265,-0.1665450536,-33.51218019,3.935768217,5.144578169,,298.2333161,0.388926064,0.5903530973,0.663696778
747.975,2.809821881,-0.1806179841,-33.5297798,3.974908535,5.201960363,,298.3003868,0.3928266293,0.5547980181,0.6819339597
748.075,2.899493563,-0.1924437277,-33.55680976,4.004909578,5.255838765,,298.3688331,0.04943583775,0.5197230109,0.6759007066
748.175,2.859720916,-0.2002836362,-33.05554252,3.99065516,5.306652546,,298.4356376,-0.3746785727,0.4971197966,0.6588515202
748.275,2.773468489,-0.2074593198,-32.34607537,3.945090944,5.355975021,,298.5016392,-0.4898574065,0.4910502814,0.6689421956
748.375,2.739997673,-0.2148310098,-31.8737183,3.900126068,5.405106385,,298.5699977,-0.3836430483,0.4921537483,0.7052081514
748.475,2.737149768,-0.2204749331,-31.68301953,3.868529386,5.454395915,,298.6425516,-0.2409221688,0.4937657381,0.7513535394
748.575,2.745471068,-0.3259661992,-31.68739425,3.849340006,5.483427165,,298.7209105,-0.147554266,-0.03481018754,0.830906897
748.675,2.755513206,-0.2436344989,-31.74321784,3.836547213,5.464953573,,298.8077846,-0.1147281904,-0.2993112798,0.9117004524
748.775,2.762569176,-0.2058841762,-31.80432048,3.825219327,5.431710748,,298.901946,-0.1167119799,-0.3507028501,0.9746514071
748.875,2.767520875,-0.17877828,-31.84341251,3.813010681,5.397300912,,299.0015008,-0.1301888548,-0.3286023643,1.017725613
748.975,2.771653748,-0.1538301592,-31.86117827,3.799481687,5.366583372,,299.1044309,-0.1414924233,-0.2788778118,1.040509604
749.075,2.77509326,-0.2751221267,-31.88350568,3.785119682,5.339646712,,299.2088186,-0.1467262418,-0.4141953124,1.053724464
749.175,2.830071008,-0.1623465393,-31.88219621,3.765513157,5.27331973,,299.3152731,-0.3254041303,-0.8631763364,1.068119983
749.275,2.778864346,-0.09102247298,-31.6159326,3.72571846,5.181466687,,299.4217728,-0.4495542015,-0.9481957181,1.06111514
749.375,2.745611207,-0.05110633425,-31.39006452,3.680927171,5.087597938,,299.5271823,-0.431052552,-0.9174419026,1.044829297
749.475,2.729153225,-0.02328146729,-31.28140738,3.640880316,4.998471861,,299.6303943,-0.3629765809,-0.8588450575,1.01571227
749.575,2.721264574,-0.002097685669,-31.27108479,3.607722242,4.915271766,,299.7300667,-0.2991279065,-0.80165708,0.9730900511
749.675,2.716164108,0.01368868053,-31.31248509,3.579974487,4.837326396,,299.824937,-0.257396565,-0.7555078909,0.9193420704
749.775,2.711313396,0.02419701637,-31.36744303,3.555424715,4.763369401,,299.9140786,-0.2356215016,-0.7232540485,0.8587430111
749.875,2.706381561,0.02947843711,-31.41602891,3.532450759,4.691981587,,299.9970299,-0.2254202447,-0.7052643137,0.7961740462
749.975,2.701900357,0.02986593806,-31.45280396,3.510247791,4.621764854,,300.0738078,-0.2196541559,-0.7007611753,0.736185148
750.075,2.697852009,-0.08341707957,-31.49167192,3.488567367,4.550129062,,300.1449106,-0.2151361948,-0.8550856266,0.6899373284
750.175,2.695448868,-0.02579586351,-31.50481556,3.467144767,4.441523343,,300.2133956,-0.2148847324,-1.285515269,0.6816421411
750.275,2.691673939,0.007522487352,-31.51406449,3.445746572,4.305212376,,300.2813169,-0.213723623,-1.426127671,0.677964606
750.375,2.687144881,0.01879111611,-31.52463099,3.424608384,4.160156244,,300.348973,-0.209446428,-1.470079349,0.6761719323
750.475,2.682132903,0.02494612516,-31.53809718,3.404013007,4.012480124,,300.4164648,-0.2028886697,-1.481121038,0.6743826211
750.575,2.676612287,0.03085199759,-31.55485358,3.384133194,3.864401288,,300.4837143,-0.195198383,-1.478691469,0.6709392981
750.675,2.737622209,0.02300346958,-31.4221945,3.342077462,3.710454344,,300.5492709,-0.6649334059,-1.596869614,0.6381645092
750.775,2.666167946,0.04414286285,-30.8944423,3.266947545,3.5493725,,300.6119729,-0.8005409601,-1.615833061,0.6170286825
750.875,2.634103345,0.05568010307,-30.51264876,3.189064786,3.388440069,,300.6730069,-0.7345054005,-1.598701015,0.6041639026
750.975,2.626000617,0.06429049695,-30.34872584,3.120957931,3.229656695,,300.732851,-0.6196193127,-1.574845725,0.5923382363
751.075,2.626405193,0.07245524117,-30.3401252,3.063492373,3.073204472,,300.7913782,-0.5303309772,-1.552777144,0.577087242
751.175,2.626388893,0.08077632714,-30.40155454,3.013022917,2.918824767,,300.8481523,-0.48269315,-1.533571703,0.5567900585
751.275,2.622986119,0.08903773191,-30.47437706,2.965785665,2.766260263,,300.902668,-0.4654424773,-1.516536012,0.5316534878
751.375,2.616552598,0.09678981074,-30.53311857,2.919510913,2.615319606,,300.9544863,-0.4621386078,-1.501216749,0.5027362819
751.475,2.608551142,0.1036421833,-30.57457367,2.873389371,2.465829628,,301.003288,-0.4612300432,-1.48773308,0.4713334887
751.575,2.600253323,0.1093717986,-30.60474787,2.827459884,2.317588782,,301.0488827,-0.4576865534,-1.476496332,0.438685585
751.675,2.508953523,0.1133881469,-30.70437833,2.798417403,2.170459766,,301.0918782,-0.03434266483,-1.466286899,0.4245151117
751.775,2.573121994,0.1162776135,-31.27600474,2.807365426,2.02384874,,301.13366,0.1737877556,-1.467628618,0.4094678609
751.875,2.598660709,0.3351423296,-31.72211035,2.824833435,1.912577536,,301.1714422,0.1508325612,-0.5952938743,0.3282920417
751.975,2.598847086,0.2048084895,-31.99365206,2.836084879,1.897020428,,301.1984673,0.06421477297,0.213283342,0.203580743
752.075,2.593343871,0.2113093776,-32.08608224,2.839044599,1.955285487,,301.2122147,-0.005716079952,0.9975332637,0.05758044428
752.175,2.591084814,0.08350006024,-32.10674013,2.836776804,2.070450593,,301.2119566,-0.03784860978,1.255532609,-0.06546529519
752.275,2.512741444,0.008836125569,-32.17094328,2.849061251,2.196914984,,301.2019481,0.3739939507,1.248973652,-0.1275920765
752.375,2.563085664,-0.06846530149,-32.78999094,2.910189431,2.311183007,,301.188987,0.8174480635,1.01800849,-0.1230549005
752.475,2.641869715,-0.1324113713,-33.50558808,2.996094008,2.401663477,,301.1781645,0.8538397649,0.7421560712,-0.08263142566
752.575,2.634490293,-0.1519189032,-34.00395555,3.087432645,2.465549844,,301.1732732,0.9581679186,0.5364465196,-0.003671468326
752.675,2.643766374,-0.1756729467,-34.42657642,3.18114235,2.512823774,,301.1770856,0.8922353041,0.4075249596,0.09061025308
752.775,2.631922129,-0.2079637876,-34.62450983,3.265370298,2.543137112,,301.1911305,0.7830734209,0.19939116,0.2020405455
752.875,2.615177678,-0.2014625424,-34.66301588,3.339688389,2.558557204,,301.2164769,0.7027356691,0.1172301829,0.3148075208
752.975,2.602886547,-0.2420089278,-34.63994325,3.407973424,2.56367284,,301.2531438,0.6646710355,-0.0918442228,0.4324344104
753.075,2.599382893,-0.2696146327,-34.60678026,3.473807946,2.529830446,,301.3025921,0.6523362197,-0.644765311,0.5717669466
753.175,2.604326679,-0.1682300554,-34.57052461,3.538973303,2.453816564,,301.3654916,0.6510471465,-0.8346296175,0.6916900992
753.275,2.647730124,-0.1058880784,-34.47194176,3.592631105,2.370329671,,301.4381959,0.4129729587,-0.8134983529,0.7624169466
753.375,2.629845119,-0.07748461255,-34.10897635,3.6182268,2.290297403,,301.5158922,0.1111543826,-0.8130643017,0.7913143441
753.475,2.629975886,-0.01136110408,-33.69806278,3.625932092,2.211050047,,301.5952812,0.002889280802,-0.7522972618,0.7900951835
753.575,2.550262715,0.01363890843,-33.18895074,3.619807193,2.137931778,,301.6728501,-0.08888926603,-0.739380103,0.7581735269
753.675,2.511926593,0.07066492825,-32.84592068,3.614140712,2.065650561,,301.7464851,-0.00370685865,-0.6906975777,0.7079052015
753.775,2.498932214,0.1063575923,-32.71950175,3.619333817,2.000165478,,301.8141849,0.1139866657,-0.6123313508,0.6385808058
753.875,2.496510283,0.1298047582,-32.73478911,3.635048612,1.942176046,,301.8742584,0.1987396188,-0.545055122,0.5551677852
753.975,2.496320282,0.1435204056,-32.80533522,3.657200378,1.889929923,,301.9255801,0.2402374663,-0.5000769866,0.4640404818
754.075,2.663080335,0.2218759012,-32.94029661,3.671473754,1.849277016,,301.9669037,-0.1917330914,-0.1905199123,0.3388006721
754.175,2.533892626,0.1792375411,-32.2038862,3.626755482,1.847732768,,301.9936558,-0.6421286842,0.1344578565,0.1880321596
754.275,2.474278469,0.1304117807,-31.49031206,3.559748688,1.866029435,,302.0065858,-0.653367323,0.2134435935,0.06755622903
754.375,2.467398457,0.08998852263,-31.08624648,3.500791646,1.886905676,,302.0091662,-0.5058800829,0.1915880473,-0.01551808641
754.483,2.485256589,0.04999520423,-30.96209357,3.457141799,1.903191944,,302.0051514,-0.3648282717,0.1233157472,-0.06168240171
754.583,2.509726291,0.008037105069,-30.99418773,3.422491477,1.9118185,,301.9974677,-0.2823924987,0.02642289856,-0.07399249189
754.683,2.527443726,-0.02697187721,-31.06269528,3.3955175,1.910167952,,301.9906496,-0.2635675465,-0.06657787292,-0.05547243605
754.783,2.538558061,-0.05630128967,-31.11377653,3.36890529,1.899524613,,301.9867925,-0.2732458814,-0.1511919192,-0.01380608795
754.883,2.544193955,-0.07850047945,-31.13646291,3.340865023,1.881098705,,301.9879347,-0.2900255533,-0.2199653891,0.04485544257
754.983,2.545887024,-0.09275667223,-31.13945648,3.311278592,1.856689952,,301.9954721,-0.3027956849,-0.2687214845,0.1138207973
755.083,2.54469155,-0.0988996399,-31.13523815,3.280733176,1.828391006,,302.0101221,-0.3085909821,-0.295891391,0.1862892647
755.183,2.541097477,-0.09737707822,-31.13285975,3.249894059,1.79835373,,302.0319369,-0.3085239893,-0.3019485623,0.2558886089
755.283,2.53535636,-0.08917943983,-31.1364139,3.219248493,1.76860595,,302.0603709,-0.3047439087,-0.2889646717,0.3171764475
755.383,2.52773285,-0.07572070304,-31.14634077,3.189087931,1.740910452,,302.0943912,-0.298854813,-0.2602084462,0.3660198727
755.483,2.518626693,-0.05868598789,-31.1618327,3.159575929,1.71666162,,302.1326207,-0.291782211,-0.219786108,0.3998011566
755.583,2.508582727,-0.03985959745,-31.18164084,3.130806776,1.696819752,,302.1734917,-0.2839890889,-0.1722424714,0.4174617831
755.683,2.498195014,-0.02096519603,-31.20457442,3.102838745,1.681885715,,302.2153994,-0.2757620878,-0.1221593537,0.4194044262
755.783,2.488011312,-0.00352923228,-31.2296092,3.075704882,1.671914635,,302.2568386,-0.2673274626,-0.07378477912,0.4072846502
755.883,2.478522482,0.01122293949,-31.25584663,3.04941407,1.666564029,,302.2965164,-0.2589473718,-0.03072479852,0.383721897
755.983,2.470064918,0.02243284029,-31.28246827,3.023949144,1.665168977,,302.3334338,-0.2508712663,0.00427913296,0.351967754
756.083,2.462861973,0.02963682189,-31.3087407,2.999269669,1.66683515,,302.3669329,-0.2433076884,0.02947551174,0.3155619417
756.183,2.456999427,0.0327573048,-31.33404833,2.975316996,1.670539876,,302.3967106,-0.2364083555,0.04413093947,0.2780056005
756.283,2.452435193,0.03206078892,-31.35827643,2.952018755,1.675231593,,302.4228013,-0.2303054293,0.04846262455,0.2424751888
756.383,2.448996629,0.02810523345,-31.38057976,2.92929562,1.679920065,,302.4455333,-0.2249449397,0.04352725883,0.2116032295
756.483,2.446455444,0.02164503683,-31.40097441,2.907079159,1.683751942,,302.4654675,-0.220205694,0.03102073307,0.1873257155
756.583,2.444550001,0.01355334796,-31.41964994,2.885313096,1.686064471,,302.4833231,-0.2159577036,0.01305814579,0.1708030931
756.683,2.442987799,0.004734552441,-31.43690332,2.863953859,1.686417336,,302.4998993,-0.2120788169,-0.008046960454,0.1624159063
756.783,2.441455493,-0.003954793222,-31.45309761,2.842971615,1.684602571,,302.5159997,-0.2084092647,-0.02999609665,0.1618275645
756.883,2.43969853,-0.01177144418,-31.46863694,2.8223527,1.680634159,,302.5323656,-0.2047882932,-0.05069408241,0.1680976691
756.983,2.437478924,-0.01813361114,-31.48394234,2.802099831,1.674720488,,302.5496219,-0.2010550248,-0.06839845133,0.1798325405
757.083,2.434643751,-0.02264988695,-31.49941442,2.782231063,1.667223974,,302.56824,-0.1970641874,-0.08182191399,0.1953550197
757.183,2.431107839,-0.02512901582,-31.51540934,2.762777392,1.658612728,,302.5885167,-0.1927085484,-0.09018485368,0.212877314
757.283,2.426848133,-0.02557461028,-31.53251839,2.743777896,1.649409095,,302.6105715,-0.1879634745,-0.09322464087,0.2306613791
757.383,2.421883163,-0.02415227873,-31.55053883,2.725270278,1.640139353,,302.6343574,-0.1828163124,-0.09114751429,0.2471580541
757.483,2.416289556,-0.02116809261,-31.56946519,2.707299252,1.631290927,,302.6596856,-0.1771868115,-0.08454927915,0.2611181766
757.583,2.410215825,-0.01702195932,-31.58943242,2.689913031,1.623276452,,302.6862586,-0.1710942886,-0.07433696674,0.2716565716
757.683,2.403823079,-0.0121620344,-31.61044597,2.673153514,1.616408034,,302.7137085,-0.1646393073,-0.06161052416,0.2782809524
757.783,2.397253237,-0.007042461652,-31.63239579,2.657052214,1.610883352,,302.741636,-0.1579290853,-0.04754613866,0.2808871148
757.883,2.390664245,-0.002085056734,-31.65508691,2.641629262,1.606783054,,302.7696478,-0.1510755283,-0.03328902021,0.2797211602
757.983,2.38419529,0.002351839749,-31.67828282,2.626894086,1.604078196,,302.7973892,-0.1441869796,-0.01986208209,0.2753172834
758.083,2.377938253,0.005995758527,-31.70174238,2.612846822,1.602645881,,302.8245691,-0.1373334536,-0.008095729073,0.2684195435
758.183,2.371983343,0.008672793342,-31.72524089,2.599480464,1.602290826,,302.8509772,-0.1305886589,0.001418170728,0.259893658
758.283,2.366088463,0.01032351445,-31.74803615,2.586782285,1.602770442,,302.8764919,-0.1239436168,0.008356999437,0.2506425301
758.383,2.358914255,0.01098495584,-31.77008953,2.574756361,1.603828283,,302.9010823,-0.1171424634,0.01279896175,0.2415614226
758.483,2.35238486,0.01070763221,-31.79256447,2.563403572,1.605217572,,302.924801,-0.1105527821,0.01480234239,0.2333939537
758.583,2.346337059,0.009688995073,-31.81500467,2.552692993,1.606704724,,302.9477667,-0.1043376961,0.01464227114,0.2267018419
758.683,2.340662106,0.008146730614,-31.83705913,2.542587785,1.6080942,,302.9701457,-0.09845690078,0.01279769785,0.2218618832
758.783,2.335237274,0.006310048511,-31.85858949,2.533059337,1.609243339,,302.9921333,-0.09280305962,0.009841012983,0.2190562645
758.883,2.329978301,0.004403316712,-31.87962395,2.524090531,1.610068223,,303.0139341,-0.08725742164,0.006366293845,0.2182797531
758.983,2.324808663,0.002629087174,-31.90028169,2.515674007,1.610543235,,303.0357444,-0.08175275964,0.00293481458,0.2193604942
759.083,2.319640529,0.001154031281,-31.92070451,2.507808403,1.610695751,,303.0577369,-0.07623138694,3.282155136e-05,0.2219944757
759.183,2.314432062,9.920471284e-05,-31.94102342,2.500496743,1.610597124,,303.0800494,-0.07066496735,-0.001959314868,0.2257862017
759.283,2.309127076,-0.0004648618917,-31.96134847,2.493744657,1.610351141,,303.1027775,-0.06503285161,-0.002785803672,0.2302932273
759.383,2.303699885,-0.0005161591319,-31.98152961,2.487561178,1.610081353,,303.1259724,-0.05927197337,-0.002316839994,0.2350707382
759.483,2.298181327,-8.417074773e-05,-32.00200789,2.481958783,1.609918162,,303.1496417,-0.05341619261,-0.0005575245139,0.239706215
759.583,2.292557393,0.000768071462,-32.02274778,2.476944927,1.609986129,,303.1737546,-0.04749982931,0.00237754492,0.2438508772
759.683,2.286863788,0.0019480406,-32.04369282,2.472524949,1.610394323,,303.1982492,-0.04153651402,0.006289488588,0.2472428978
759.783,2.281115486,0.003345578124,-32.06478935,2.468703003,1.61122895,,303.2230419,-0.03553579372,0.01091945345,0.2497190483
759.883,2.275359217,0.004844677222,-32.08599021,2.465482811,1.612548638,,303.2480376,-0.02950088999,0.01597689999,0.251216953
759.983,2.269641725,0.006334097392,-32.10724899,2.462866885,1.614382586,,303.273139,-0.02345336654,0.02116802411,0.2517674687
760.083,2.263981605,0.007716249052,-32.12851306,2.460855503,1.616731437,,303.2982559,-0.01741623484,0.02622129186,0.2514809131
760.183,2.258424819,0.008913902698,-32.14972297,2.45944666,1.619570503,,303.3233119,-0.0114098888,0.03090807239,0.2505281268
760.283,2.252975747,0.00987416281,-32.17081968,2.458635927,1.622854761,,303.3482499,-0.005460695653,0.0350569316,0.249118284
760.383,2.24765133,0.01057089322,-32.19166791,2.458417576,1.626525016,,303.3730345,0.000435482754,0.03856265854,0.247477494
760.483,2.242472309,0.01100116382,-32.2123279,2.458786008,1.630514636,,303.3976527,0.006262944059,0.04138501917,0.2458264707
760.583,2.237417795,0.01118570514,-32.23279484,2.459732963,1.634755635,,303.4221129,0.01199350616,0.04354261868,0.2443617314
760.683,2.232483728,0.0111631564,-32.25301434,2.461248418,1.639184502,,303.4464414,0.01762705455,0.04510879737,0.2432428391
760.783,2.227660692,0.01098426445,-32.27295457,2.463322504,1.643747027,,303.4706782,0.02315779216,0.04619709199,0.2425827783
760.883,2.222916436,0.01070623833,-32.29260873,2.465946113,1.648401632,,303.4948726,0.02861193365,0.04694610665,0.2424449134
760.983,2.218248193,0.01038722414,-32.31198593,2.469111618,1.653121175,,303.5190779,0.03399225922,0.04750446507,0.2428423513
761.083,2.213622883,0.010081152,-32.33110864,2.472812545,1.657893312,,303.5433465,0.03931537188,0.04801692179,0.2437436656
761.183,2.209033515,0.009833735475,-32.34999927,2.477043383,1.662719538,,303.5677258,0.04458986249,0.04861253082,0.2450803941
761.283,2.204475048,0.009679483731,-32.36867721,2.481799405,1.667613184,,303.5922552,0.04981441693,0.04939557566,0.2467572768
761.383,2.19996382,0.009634168111,-32.3877365,2.487076002,1.672596576,,303.6169639,0.05495346036,0.05043329472,0.2486628475
761.483,2.195469358,0.009711338945,-32.40706956,2.492850517,1.677695826,,303.6418688,0.05976229768,0.05174194961,0.2506723303
761.583,2.190918944,0.009913123534,-32.42540213,2.499103814,1.682940231,,303.6669755,0.0645774113,0.05336474517,0.2526847947
761.683,2.186379857,0.01021923651,-32.44315999,2.50584524,1.688360964,,303.6922804,0.06954364949,0.05528687159,0.2546159951
761.783,2.181888444,0.01060659502,-32.46067106,2.513088877,1.693985771,,303.717772,0.07461610983,0.05745613574,0.256397714
761.883,2.177440924,0.01104888384,-32.47808561,2.520842149,1.699836285,,303.7434332,0.07972470867,0.05980348565,0.2579829104
761.983,2.173057671,0.0115179133,-32.49542083,2.529104998,1.705926888,,303.7692428,0.08479445531,0.06225365475,0.2593475063
762.083,2.168726876,0.01198566621,-32.51263027,2.537871642,1.712264403,,303.7951787,0.08979228948,0.06473172035,0.2604912748
762.183,2.164464433,0.01242666375,-32.52965935,2.547134318,1.718848364,,303.8212195,0.09470996664,0.06716805395,0.2614354565
762.283,2.160285897,0.01281992681,-32.54646527,2.556884754,1.725671754,,303.847347,0.09953968213,0.0695026854,0.2622180199
762.383,2.156182764,0.01315033768,-32.56302013,2.567114553,1.732722138,,303.8735472,0.1042885228,0.07168889181,0.26288875
762.483,2.152183376,0.01340831793,-32.57942574,2.577814542,1.739983017,,303.8998114,0.1089278603,0.07369296697,0.2635019961
762.583,2.14826002,0.01359363529,-32.59546191,2.588973915,1.747435427,,303.9261363,0.1134751309,0.07550265806,0.2641132492
762.683,2.144428165,0.01370931834,-32.61115383,2.600584627,1.755059967,,303.9525243,0.1179519022,0.07712091642,0.2647741267
762.783,2.140696869,0.01376383553,-32.62652748,2.612639499,1.762838078,,303.9789822,0.1223501045,0.07856255338,0.2655269791
762.883,2.137047995,0.01376937332,-32.64159619,2.625130706,1.770753184,,304.0055209,0.12666874,0.07985296539,0.2664028511
762.983,2.133493829,0.01374022185,-32.6563605,2.638049838,1.778791626,,304.0321536,0.1308989169,0.08102510499,0.2674197577
763.083,2.130012991,0.01369112973,-32.67081703,2.651387858,1.786943241,,304.0588946,0.135040037,0.08211561024,0.2685830678
763.183,2.12661009,0.01363603296,-32.68496389,2.665135954,1.795201557,,304.0857586,0.1390958119,0.08316101124,0.2698866556
763.283,2.123289049,0.01358692269,-32.69880103,2.679285506,1.803563621,,304.1127587,0.1430613721,0.08419445398,0.2713144391
763.383,2.120031216,0.01355303523,-32.71233052,2.693827952,1.812029543,,304.1399065,0.1469451979,0.08524316166,0.272843503
763.483,2.116840249,0.0135422073,-32.72536806,2.708755673,1.820601891,,304.1672108,0.1507738849,0.08632996905,0.2744472821
763.583,2.113720089,0.01355437094,-32.7381608,2.724064931,1.829285235,,304.194678,0.1545604046,0.08746667049,0.2760980658
763.683,2.110677193,0.01358970789,-32.75077702,2.739748456,1.838084441,,304.2223112,0.1582478953,0.08865043561,0.2777662793
763.783,2.107712456,0.0136457589,-32.76313993,2.755795237,1.847004031,,304.2501111,0.1618144481,0.08987650596,0.2794259279
763.883,2.104810847,0.01371719663,-32.77519956,2.772194142,1.856047833,,304.2780758,0.1652832504,0.09113513652,0.2810576121
763.983,2.1019915,0.01379712276,-32.7869347,2.788935615,1.865218463,,304.3062019,0.1686580186,0.09241158539,0.2826480402
764.083,2.099241748,0.0138779907,-32.79833736,2.806010564,1.874516897,,304.3344848,0.1719474967,0.09368790166,0.2841907738
764.183,2.354970257,-0.2848957358,-32.8435999,2.797580274,1.861722312,,304.3632363,-0.7668162749,-0.7928943568,0.303600081
764.283,2.14178731,-0.04856856799,-31.30002455,2.682668277,1.739852599,,304.3959497,-1.418208474,-1.53755646,0.3567926618
764.383,2.049097704,0.03273421166,-30.00152171,2.540447431,1.576999152,,304.4341259,-1.350343918,-1.683229067,0.4114459135
764.483,2.032416132,0.07270598349,-29.35188751,2.418325819,1.409032728,,304.4774402,-1.06212926,-1.661332481,0.4570211049
764.583,2.04158885,0.1044350547,-29.21325828,2.324203128,1.245705573,,304.5245291,-0.8190830732,-1.596766074,0.4842957952
764.683,2.048683708,0.1359676897,-29.32012519,2.24911933,1.089376586,,304.5733006,-0.6917823415,-1.523133314,0.4883431243
764.783,2.045423048,0.1673050291,-29.47753377,2.18226974,0.9404588215,,304.6213671,-0.6541152508,-1.449348071,0.4683928263
764.883,2.033799079,0.1962550523,-29.59816188,2.116896385,0.7987669384,,304.6664197,-0.6584726687,-1.379613248,0.4268928402
764.983,1.735439494,0.341977827,-29.37943194,2.053754715,0.6651800455,,304.7064624,-0.2995560588,-1.153472923,0.3642419041
765.083,1.914148968,0.2821158734,-30.50503548,2.069129334,0.57626374,,304.7389,0.5140333074,-0.6686549356,0.2783928705
765.183,2.001705531,0.2507331087,-31.71308479,2.128587338,0.5168997866,,304.7627732,0.6007907681,-0.5395751394,0.1928692203
765.283,2.01894113,0.2407385421,-32.43625635,2.180549253,0.4641015571,,304.7780631,0.4025341257,-0.524692619,0.1071849267
765.383,2.003237116,0.2311500749,-32.68951214,2.210792933,0.4108472532,,304.7849684,0.1948570537,-0.5454042784,0.02680562239
765.483,1.983167362,0.2165999914,-32.68060157,2.224076399,0.3547755917,,304.7843569,0.0758342378,-0.5807760047,-0.0409856312
765.583,1.969605222,-0.08317599786,-32.62146093,2.229537,0.2913216323,,304.7779248,0.04009972039,-1.004834056,-0.07130560261
765.683,2.000782014,-0.03351187653,-32.44076211,2.221187762,0.1208877325,,304.7741191,-0.2127503591,-2.445236474,0.01334105574
765.783,1.962760828,0.1338311652,-32.06046333,2.196142184,-0.1565199813,,304.7800759,-0.2653627234,-3.026429896,0.1134395793
765.883,1.943573857,0.1985504199,-31.81924672,2.171857586,-0.467028411,,304.79544,-0.2076983909,-3.155898807,0.1986772688
765.983,1.932874304,0.2423283507,-31.73305475,2.154743246,-0.7825528708,,304.818318,-0.1309815797,-3.139638316,0.260581605
766.083,1.850119221,0.1938653892,-31.68428691,2.145336505,-1.099971797,,304.8464041,0.01894614049,-3.330703985,0.3067644903
766.183,1.885240199,0.3100304578,-31.99632913,2.160304835,-1.442152746,,304.878577,0.2545230226,-3.472489314,0.3351581074
766.292,1.890314895,0.3028701849,-32.34718465,2.188584864,-1.789070558,,304.912118,0.2912990683,-3.535727806,0.3348162074
766.392,1.872370187,0.4316682291,-32.56563993,2.218302533,-2.180160298,,304.9473902,0.2474967968,-3.638155372,0.3073907182
766.492,1.846204825,0.5034676679,-32.64606891,2.241119942,-2.541335696,,304.9753018,0.2075353899,-3.568127002,0.2400894998
766.592,1.820486774,0.531260542,-32.66831979,2.261011099,-2.896447235,,304.9949946,0.1917383228,-3.569168818,0.144549852
766.692,1.727478567,0.5532483194,-32.60678515,2.281073778,-3.253000879,,305.0041534,0.2879844736,-3.591879876,0.02416531989
766.792,1.762330388,0.6201836373,-32.88950454,2.321795953,-3.615244253,,305.0003314,0.5025795695,-3.635501394,-0.1099851229
766.892,1.740498598,0.6213528727,-33.30464713,2.386939677,-3.991828211,,304.9832421,0.7882128714,-3.88947612,-0.2380072109
766.992,1.771820709,0.6702730131,-33.81366671,2.468347837,-4.384591426,,304.9540747,0.8082918626,-3.953381309,-0.3519257422
767.092,1.772849838,0.6685728871,-34.11196933,2.545381999,-4.783377244,,304.9139218,0.7176120547,-4.063691686,-0.4555335723
767.192,1.708023955,0.6357849605,-34.21465396,2.61805008,-5.196775767,,304.8634275,0.8183949689,-4.284857937,-0.5633515014
767.292,1.613663961,0.6342260433,-34.44623621,2.71094228,-5.639305779,,304.8023497,1.180642128,-4.632237475,-0.6712780332
767.392,1.71923465,0.7098820148,-35.24182845,2.847132581,-6.115302014,,304.7307413,1.482729841,-4.860480825,-0.7575395515
767.492,1.76142506,0.7197522551,-35.89122731,2.994765543,-6.607891538,,304.652449,1.431548867,-5.026411986,-0.805167699
767.592,1.760835425,0.7671073663,-36.19586027,3.131219744,-7.114742294,,304.5699517,1.283004709,-5.09585695,-0.8480868247
767.692,1.617383134,0.651584486,-36.1938482,3.259737667,-7.628851401,,304.4819342,1.450278031,-5.358788363,-0.9296021253
767.792,1.697732404,0.7887896174,-36.70263487,3.420874806,-8.184973996,,304.3849381,1.72940646,-5.711513004,-1.008036704
767.892,1.731985383,0.8545749534,-37.1729265,3.59498878,-8.760208991,,304.281344,1.722723061,-5.773575233,-1.065390559
767.992,1.732096771,0.9020290939,-37.41529005,3.762819966,-9.336682931,,304.1718187,1.620791426,-5.745140376,-1.131223346
768.092,1.717504946,0.9427881456,-37.46847401,3.920362849,-9.908692207,,304.0546954,1.527693124,-5.687581766,-1.220642282
768.192,1.702107889,0.9783178933,-37.42991897,4.070289509,-10.47457482,,303.9274534,1.472133892,-5.62479009,-1.335184636
768.292,1.692118416,1.048523041,-37.36874761,4.216086815,-11.03392394,,303.7878015,1.444167568,-5.514143781,-1.471381617
768.392,1.795784103,1.190562072,-37.29261647,4.346423922,-11.56347822,,303.6353596,1.075918997,-4.909603393,-1.584413988
768.492,1.708116822,1.137088349,-36.70463361,4.437032439,-12.02229885,,303.4700463,0.7766736303,-4.277643538,-1.748387005
768.592,1.818680545,1.217566721,-36.07478426,4.486793154,-12.40518961,,303.2892101,0.1502836307,-3.243217386,-1.882989486
768.692,1.759331384,1.213074259,-34.93952263,4.478464466,-12.66719404,,303.0916097,-0.332843545,-1.853419176,-2.098942583
768.792,1.700557332,1.118028774,-33.8763828,4.439145724,-12.79999225,,302.8680106,-0.3976670886,-0.7249801831,-2.409931489
768.892,1.72146599,0.8962925398,-33.33114536,4.405489026,-12.84896888,,302.6131309,-0.2542781887,-0.3087591464,-2.697190775
768.992,1.778649263,0.9089334727,-33.16115409,4.386508077,-12.86512335,,302.3332919,-0.1288688031,0.1452109307,-2.906485589
769.092,1.840562585,0.6307163393,-33.21102111,4.37641169,-12.8237258,,302.0357229,-0.08130263549,0.5781973821,-3.033850021
769.192,1.895905854,0.445744953,-33.27708921,4.368508879,-12.76859728,,301.7310281,-0.08365724207,0.4722329091,-3.041194994
769.292,1.942702747,0.4757809768,-33.27412924,4.359414986,-12.73020042,,301.4302297,-0.1027009337,0.4457932403,-2.960864704
769.392,1.979815052,0.2564434783,-33.25025868,4.348518922,-12.67398452,,301.1392018,-0.1137345588,0.6101698911,-2.837409137
769.492,1.762378612,0.1059594805,-33.05514177,4.349273073,-12.61735158,,300.8606321,0.4490074752,0.449584994,-2.778015806
769.592,1.938636399,0.01346009479,-34.23575728,4.444986518,-12.59281006,,300.5830306,1.386360982,-0.0005235538619,-2.72271938
769.692,2.047039857,0.008117784934,-35.6697008,4.606246957,-12.62241596,,300.319996,1.762950151,-0.5656777967,-2.492795888
769.792,2.121363092,0.06502652515,-36.72548444,4.778810132,-12.68896614,,300.0851918,1.629996387,-0.73509372,-2.171999546
769.892,2.238993856,0.205058248,-37.19827579,4.924612079,-12.75234969,,299.8825694,1.110656696,-0.4190441767,-1.837936827
769.992,2.103326754,0.3321763269,-36.61690765,5.008701331,-12.76634706,,299.7107827,0.6199728803,0.265486044,-1.61843236
770.092,2.072306592,0.3341628915,-35.93644594,5.060047438,-12.69097277,,299.5516199,0.3653304849,1.208052868,-1.566167188
770.192,2.071463149,0.5555742467,-35.2665663,5.092340482,-12.52845024,,299.3925389,0.2431429483,2.284761405,-1.635213526
770.292,2.056144918,0.5375237682,-34.61784166,5.105255253,-12.25344503,,299.2240535,-0.03224051099,3.306086016,-1.748539406
770.392,2.073290739,0.4769313624,-34.00476492,5.096597273,-11.88484703,,299.0407079,-0.1792531147,4.115651173,-1.930555535
770.492,2.097367207,0.3997973281,-33.43473608,5.070574869,-11.43950468,,298.8388974,-0.3802524608,4.805010777,-2.113893242
770.592,2.054326474,0.2262464056,-32.7818597,5.023941654,-10.94166151,,298.6199027,-0.5132904103,5.084586131,-2.278736733
770.692,2.066111689,0.149427085,-32.34004258,4.975140111,-10.43390638,,298.3853413,-0.4437484637,5.078390766,-2.414173201
770.792,2.141911432,0.03045907122,-32.05835246,4.923644525,-9.921082943,,298.1417737,-0.5904328336,5.138445627,-2.448926895
770.892,2.157405352,-0.09441507395,-31.70964696,4.864024071,-9.413107637,,297.8970152,-0.5848044265,4.989942662,-2.433651817
770.992,2.201519128,-0.515756038,-31.44246579,4.797000939,-8.961312679,,297.6607304,-0.7518114022,3.588290291,-2.240809075
771.092,2.144439951,-0.3529913046,-31.01910265,4.72192434,-8.657577391,,297.4485641,-0.7252668006,2.58145364,-1.976961269
771.192,2.122449358,-0.3274893003,-30.77333002,4.654299396,-8.418278772,,297.2633366,-0.6153209074,2.23438994,-1.70206474
771.292,2.121318359,-0.4646776287,-30.69757404,4.59792761,-8.205510954,,297.1059681,-0.5087149519,1.860847309,-1.412545394
771.392,2.134237776,-0.3516909745,-30.67803821,4.550677069,-8.047686474,,296.9789848,-0.4397002747,1.358567856,-1.105079167
771.492,2.153959505,-0.2289676613,-30.67229406,4.508323487,-7.903074663,,296.880097,-0.4108908522,1.568987541,-0.8619094494
771.592,2.213168972,-0.1048251546,-30.56419208,4.455475078,-7.713997934,,296.8029105,-0.6575037064,2.267782981,-0.6843516004
771.692,2.205305815,-0.1013329694,-30.24708227,4.385185264,-7.467554759,,296.7387085,-0.7304958145,2.651369117,-0.6054090399
771.792,2.200466755,-0.060480461,-30.0152725,4.312977987,-7.191170353,,296.6789991,-0.703352708,2.88137286,-0.596137432
771.892,2.183042517,0.0153871395,-29.91208715,4.24518949,-6.881433389,,296.6170444,-0.6490055442,3.317465668,-0.6540022891
771.992,2.123347885,0.0211866938,-29.9157473,4.187492789,-6.538923066,,296.5471693,-0.4236331535,3.523750509,-0.7611768208
772.092,2.090432273,0.02892033773,-30.19563014,4.154372726,-6.181625944,,296.4658826,-0.1904659371,3.616757797,-0.876612249
772.192,2.156130994,0.02557524278,-30.76428709,4.146599592,-5.818276381,,296.3730045,-0.007078801459,3.643391756,-0.9807565833
772.292,2.150808253,0.01067357957,-31.30569246,4.157055177,-5.454545085,,296.270347,0.1967644168,3.622508404,-1.071786968
772.392,2.192836754,-0.01486199031,-31.82574385,4.176270931,-5.094644692,,296.160703,0.1550403793,3.56622884,-1.11799578
772.492,2.207117223,-0.04797320553,-32.07750512,4.186319134,-4.74146785,,296.0478483,0.03208447722,3.488181109,-1.135556282
772.592,2.211489139,-0.08645154224,-32.121167,4.184660041,-4.396709988,,295.9342788,-0.06739771697,3.398149979,-1.130551748
772.692,2.216761631,-0.127435349,-32.06537526,4.175352868,-4.061237148,,295.8222622,-0.1165796863,3.303087363,-1.102201569
772.792,2.206109305,-0.167763174,-31.98932067,4.163116389,-3.735272203,,295.7142037,-0.1242121576,3.209059343,-1.04933035
772.892,2.189925936,-0.2045211875,-31.93597432,4.151508706,-3.418442696,,295.6125239,-0.1058324519,3.121898275,-0.9730505871
772.992,2.178928853,-0.2609026688,-31.91595087,4.142072794,-3.112716929,,295.5195724,-0.08305694839,2.944993679,-0.8709271071
773.092,2.17209999,-0.264048281,-31.90935918,4.134630732,-2.824729825,,295.4377978,-0.06740165385,2.821722014,-0.7521917781
773.192,2.168198658,-0.2714714545,-31.90872181,4.128374403,-2.5453638,,295.368134,-0.05964126027,2.768860546,-0.6297564689
773.292,2.166964894,-0.2741793202,-31.9059833,4.122617335,-2.269489393,,295.3105925,-0.0573723489,2.751915866,-0.5112318177
773.392,2.16817333,-0.2707374602,-31.89893844,4.116927765,-1.994145936,,295.2644842,-0.05815449189,2.758943515,-0.4028217797
773.492,2.100330447,-0.4308381761,-31.83898044,4.111891354,-1.724480079,,295.2289361,0.0315376959,2.420883922,-0.2911593721
773.592,2.156974422,-0.3234360179,-32.07997285,4.126102274,-1.518812826,,295.2064281,0.2268563989,1.753892477,-0.146710048
773.692,2.192745228,-0.2597514973,-32.34207548,4.150387973,-1.355455536,,295.1977096,0.2387339106,1.50440703,-0.0186449166
773.792,2.21253422,-0.186026812,-32.48398016,4.171850853,-1.208281152,,295.2004916,0.1801669251,1.46508436,0.07658441952
773.892,2.224672997,-0.1349844821,-32.51480038,4.187048691,-1.059152429,,295.2109086,0.1207059161,1.531977043,0.1306377796
773.992,2.227994392,-0.09314072805,-32.48583194,4.19731971,-0.9016363773,,295.2249246,0.08530633642,1.628030074,0.1461985687
774.092,2.000140548,-0.1363495464,-32.25023145,4.207810818,-0.7353117058,,295.2389838,0.3535976481,1.619169193,0.1317457251
774.192,2.138143364,-0.1107024483,-33.01291547,4.27730161,-0.5882497566,,295.2519337,0.9682339745,1.305245812,0.1315888448
774.292,2.210369911,-0.02885727127,-33.85901901,4.380521014,-0.466522448,,295.2652091,1.040295698,1.15604442,0.1320658533
774.392,2.175063377,-0.02227419038,-34.37301829,4.48372955,-0.365449433,,295.2784197,1.079496285,0.8770658612,0.1309593896
774.492,2.206846172,0.02710444183,-34.83971824,4.591599943,-0.2816837361,,295.2908576,1.048508727,0.8129943761,0.1148755965
774.592,2.209658846,0.05109777719,-35.06917184,4.691646235,-0.2004553183,,295.3009814,0.9402004227,0.816631784,0.08383539639
774.692,2.201865648,0.06282411363,-35.11367423,4.781309118,-0.1180705836,,295.3074748,0.8514039013,0.8323097418,0.04247186889
774.792,2.195565342,0.0658866333,-35.07077172,4.864102892,-0.03432168756,,295.3096143,0.8064559447,0.8417039989,-0.002372314079
774.892,2.195218447,0.061972496,-35.01042829,4.944048008,0.04981752598,,295.3073569,0.794084075,0.8385949471,-0.04426463455
774.992,2.200550302,0.05259606351,-34.96208012,5.023547525,0.1330245875,,295.3012358,0.7959656332,0.8220880927,-0.07833800928
775.092,2.279763394,-0.0002086298751,-35.00123108,5.102580701,0.2135569331,,295.29221,0.70813663,0.7408518826,-0.09909123984
775.192,2.343746434,-0.02435833297,-34.69621042,5.149254531,0.2798772279,,295.2818309,0.162447287,0.5526692614,-0.1062993939
775.292,2.292334533,-0.07831473632,-33.83257845,5.14254697,0.3257063284,,295.2711691,-0.3208514523,0.2933016442,-0.1013389037
775.392,2.213773754,-0.02254281632,-32.83535036,5.103802236,0.34104128,,295.2620727,-0.3949173062,0.043437536,-0.07586806267
775.492,2.200084903,-0.01293351605,-32.23264451,5.071060836,0.3414284821,,295.2559583,-0.232044214,-0.02719832684,-0.04080557678
775.592,2.216533467,-0.01296346514,-32.01298515,5.056270952,0.3375848749,,295.2537112,-0.05933301234,-0.04706652583,0.001207025999
775.692,2.237684428,-0.01164437541,-32.00970738,5.055645393,0.3326511537,,295.2557644,0.04061523108,-0.04990896636,0.0442563471
775.792,2.252389244,-0.006488308922,-32.07354815,5.061601032,0.3279124912,,295.2619514,0.07067482415,-0.04271687544,0.08268984458
775.892,2.259125147,0.002078023404,-32.12487593,5.06851946,0.32429645,,295.2716163,0.0620913213,-0.02694097778,0.1126360058
775.992,2.451171022,-0.01194574976,-32.03769177,5.043825148,0.3195734439,,295.2837002,-0.7341447914,-0.1070175242,0.1289093723
776.092,2.29544888,0.0213203891,-30.87669615,4.941864107,0.3069314426,,295.296416,-1.221090938,-0.1307151914,0.1232648435
776.192,2.231403006,0.03560573131,-29.89638277,4.819357555,0.2951898016,,295.3080391,-1.17309626,-0.09795368015,0.1086734289
776.292,2.226488007,0.04197292778,-29.39298766,4.711538382,0.2871398152,,295.318167,-0.9614972227,-0.06123895571,0.09407889221
776.392,2.243672024,0.04551927405,-29.26649611,4.624230104,0.2822865781,,295.3269111,-0.7845667378,-0.03577678568,0.08105073822
776.492,2.261236401,0.04812908415,-29.32224086,4.550591664,0.279426702,,295.3343834,-0.6962698691,-0.02184174923,0.06844597453
776.592,2.27175803,0.05006004111,-29.41539367,4.482297277,0.2775684191,,295.3405715,-0.6777006484,-0.01577627078,0.05522259752
776.692,2.27571963,0.05101130972,-29.47986696,4.414042153,0.2760792237,,295.3454041,-0.6926509176,-0.01446951299,0.04136717951
776.792,2.276153265,0.05071560613,-29.5049708,4.343827436,0.2745690292,,295.3488513,-0.714265683,-0.016294531,0.02770983979
776.892,2.275693515,0.04914550568,-29.50471766,4.271653488,0.2727584505,,295.3509847,-0.7304677647,-0.02063227437,0.0153918596
776.992,2.275566959,0.04652400099,-29.49373169,4.198201392,0.2704109217,,295.3519869,-0.7393522505,-0.02715271364,0.005419733475
777.092,2.276053138,0.04320028456,-29.48176007,4.124122438,0.2673283726,,295.3521257,-0.7430662938,-0.03538084821,-0.001551832518
777.192,2.276903937,0.03956901698,-29.4730211,4.049800262,0.2633694071,,295.3517159,-0.7444332712,-0.04464058163,-0.005275161411
777.292,2.277759988,0.0360053207,-29.46786418,3.975373793,0.2584675544,,295.3510796,-0.7453124888,-0.05411748915,-0.005866043372
777.392,2.242411425,1.756701962e-05,-29.55594795,3.912893137,0.2394102205,,295.3514188,-0.4975214837,-0.3269442726,0.01858016261
777.492,2.221487498,0.02526994068,-29.84571566,3.872632383,0.2014811243,,295.3545555,-0.2461332514,-0.4207851614,0.04819910718
777.592,2.164687262,0.02069263471,-30.36862467,3.867299584,0.1512389675,,295.3611801,0.1875276036,-0.580134274,0.08989418734
777.692,2.25713619,0.04473743148,-31.26201057,3.899366989,0.09038276651,,295.3720177,0.3916311538,-0.6300761612,0.1300246288
777.792,2.216954195,0.06552010495,-31.82948896,3.935899622,0.02694243922,,295.3863262,0.3771719458,-0.6333037257,0.1566731592
777.892,2.257476065,0.08477727393,-32.3590129,3.977049731,-0.03562112853,,295.4026058,0.4116188337,-0.6143052962,0.16875403
777.992,2.193655354,0.1046525404,-32.60590327,4.015215805,-0.09578377782,,295.4193873,0.409305293,-0.5847330671,0.1648690115
778.092,2.231704317,0.1215390703,-32.96904521,4.062693586,-0.1527398328,,295.4351673,0.5140336065,-0.5522164454,0.1490598975
778.192,2.244271956,0.1368096263,-33.24237072,4.113276672,-0.2066061931,,295.4489082,0.481193315,-0.5232507926,0.1230233578
778.292,2.241456162,0.1492419422,-33.36922436,4.158403388,-0.2577461813,,295.4595857,0.414841583,-0.4981796963,0.08735663816
778.392,2.233945815,0.1576951605,-33.39191524,4.197448067,-0.3066189841,,295.4663706,0.3652556278,-0.4787522024,0.04528937213
778.492,2.228145567,0.1617906773,-33.36897269,4.232784453,-0.3538925597,,295.4688112,0.3424332577,-0.4671628039,0.0009694539643
778.592,2.226135308,0.1618179273,-33.33938646,4.266779582,-0.40042018,,295.4668653,0.3380373975,-0.46468465,-0.04172823133
778.692,2.227477218,0.1584748895,-33.31858376,4.300751766,-0.4471174493,,295.4608416,0.3409842146,-0.4711578833,-0.07978066573
778.792,2.230966702,0.1526533117,-33.3071861,4.335062543,-0.4948237065,,295.4513053,0.3440315574,-0.4851808131,-0.1111719689
778.892,2.235487219,0.1453018219,-33.30047025,4.369565235,-0.544198894,,295.4389787,0.3444496932,-0.5045886142,-0.1348410734
778.992,2.240340131,0.1373429419,-33.29401741,4.40398652,-0.5956697818,,295.4246507,0.3423393271,-0.526929054,-0.1505590068
779.092,2.245146437,0.1296152836,-33.28552261,4.438120987,-0.6494186354,,295.4091004,0.338795641,-0.5498174417,-0.1587913524
779.192,2.249689287,0.1228270939,-33.27462398,4.471876784,-0.7054014301,,295.3930335,0.3348738255,-0.5711665045,-0.1605565173
779.292,2.253861641,0.1175203911,-33.26195571,4.505247916,-0.7633843733,,295.3770344,0.3311885689,-0.5893199797,-0.1572743456
779.392,2.257556358,0.1140474821,-33.24838949,4.538270745,-0.8229905937,,295.361533,0.327958395,-0.6031211788,-0.1506057261
779.492,2.260725662,0.1125640098,-33.23463731,4.570992337,-0.8837514284,,295.3467883,0.3251920414,-0.611934482,-0.1422900983
779.592,2.263362387,0.1130387506,-33.22114964,4.603454617,-0.9451580174,,295.3328874,0.3227852553,-0.6156274469,-0.1339918538
779.692,2.265486836,0.1152783388,-33.20815662,4.635689163,-1.006709486,,295.3197596,0.3206389142,-0.6145183716,-0.1271704727
779.792,2.267199003,0.1189634996,-33.1957334,4.667716999,-1.067954473,,295.3072015,0.3186453554,-0.6092943593,-0.1229814777
779.892,2.268601387,0.123691401,-33.18385578,4.699548783,-1.128523445,,295.2949103,0.3167078146,-0.6009088946,-0.1222160567
779.992,2.269852789,0.1290199953,-33.17256802,4.731185523,-1.188150242,,295.282522,0.3147158565,-0.5904705112,-0.1252784891
780.092,2.271089588,0.1345118522,-33.16154856,4.762615644,-1.24668237,,295.2696494,0.3125588366,-0.5791270314,-0.1322006513
780.192,2.549281338,0.1381874902,-33.41779421,4.790705542,-1.304096921,,295.255995,-0.04850162786,-0.5696676065,-0.1342890258
780.292,2.528320847,0.1465844569,-32.44337693,4.727821211,-1.360415222,,295.2426573,-1.280165579,-0.5514103419,-0.1366897931
780.392,2.30190929,0.150283665,-30.51728667,4.56469068,-1.413904979,,295.2274792,-1.849066737,-0.5130777798,-0.1748665307
780.492,2.223998125,0.1433476675,-29.06022265,4.384359669,-1.46344138,,295.2075154,-1.676322543,-0.4773425287,-0.2271442126
780.592,2.231092299,0.1309889611,-28.38030382,4.233129831,-1.510323129,,295.182783,-1.320044191,-0.4631907746,-0.2665425494
780.692,2.264511735,0.1183801128,-28.25661969,4.114683319,-1.556842396,,295.1550347,-1.051558521,-0.4707972954,-0.2856912541
780.792,2.293576302,0.1082168097,-28.37777701,4.016338527,-1.604779455,,295.1261978,-0.9282290373,-0.4907638978,-0.2878583169
780.892,2.309338309,0.1012351205,-28.53207115,3.925067976,-1.654892418,,295.0976822,-0.9087349333,-0.5130852565,-0.2794441065
780.992,2.313798062,0.09723397546,-28.63216699,3.833237674,-1.70708233,,295.0702746,-0.9345790425,-0.5312049197,-0.2660642213
781.092,2.311906342,0.09577874084,-28.67092158,3.738344011,-1.760774176,,295.0442845,-0.9659187923,-0.54232928,-0.2514727687
781.192,2.307606018,0.09647528928,-28.67201292,3.640773622,-1.815240311,,295.0197213,-0.9859766005,-0.5461696129,-0.2378845979
781.292,2.302926708,0.09899483936,-28.66074872,3.541806434,-1.869789258,,294.9964198,-0.9932956256,-0.5436581815,-0.226599804
781.392,2.298364716,0.1030123088,-28.65215393,3.442525316,-1.923845115,,294.9741081,-0.9924705018,-0.5361120489,-0.2184657256
781.492,2.293756651,0.1081552344,-28.65130529,3.343511629,-1.976966183,,294.9524423,-0.988333947,-0.5248694561,-0.2140689126
781.592,2.288838338,0.1139976884,-28.65760118,3.244944361,-2.028841549,,294.9310309,-0.9838234302,-0.5111988018,-0.2137486019
781.692,2.283322357,0.1039307407,-28.67007219,3.146807282,-2.085884378,,294.9098623,-0.9800332664,-0.6277051883,-0.2080761186
781.792,2.277070054,0.1237099101,-28.68095052,3.048988397,-2.150324798,,294.8891068,-0.9772436312,-0.6540619218,-0.2067941941
781.892,2.27014421,0.1353235613,-28.69391528,2.951456031,-2.21555683,,294.8682223,-0.9741815557,-0.6472828442,-0.2111176892
781.992,2.262886138,0.144257103,-28.70873663,2.854252577,-2.279576952,,294.846658,-0.9706349081,-0.6310971566,-0.2207369229
782.092,2.255542478,0.1517674271,-28.72590157,2.75741611,-2.341869359,,294.8239159,-0.9668804692,-0.6133371079,-0.2348942477
782.192,2.247968593,0.1193794527,-28.74836591,2.660960603,-2.402898236,,294.7996106,-0.9628970087,-0.6489645855,-0.2498875558
782.292,2.136058375,0.1528693702,-28.78391685,2.577678137,-2.472754413,,294.7736368,-0.6207719775,-0.7357891664,-0.2722426464
782.392,2.205173252,0.1653943556,-29.3523185,2.531514,-2.547599531,,294.7455061,-0.3449374415,-0.7586283967,-0.2872964356
782.492,2.231397085,0.1748169444,-29.866141,2.498332893,-2.623828941,,294.7164953,-0.3490384323,-0.7646256176,-0.2917163348
782.592,2.280404912,0.35323448,-30.1375051,2.454134255,-2.684089623,,294.6863412,-0.6316029317,-0.2241027846,-0.3234656407
782.692,2.106648926,0.2564439649,-29.88846281,2.384994493,-2.678360125,,294.6503855,-0.5742852667,0.3286808934,-0.4116948714
782.792,1.990845854,0.1902742511,-30.15050755,2.357305744,-2.635056141,,294.6043222,0.1510824137,0.5077683632,-0.515373416
782.892,1.926524127,0.1789345315,-31.5348715,2.445229597,-2.580302482,,294.5474699,1.7019452,0.6114416901,-0.6210745788
782.992,2.095251171,0.1325725742,-34.27572328,2.685024223,-2.518698493,,294.4823275,2.951969443,0.5953941794,-0.665639201
783.092,2.3152993,0.1113261995,-36.88435795,2.982710436,-2.463348248,,294.4171756,2.8431983,0.5002952196,-0.6261853563
783.192,2.365427967,0.1032154025,-38.2310877,3.241543295,-2.417628106,,294.3570348,2.267020308,0.4113136244,-0.5722704375
783.292,2.329438211,0.09865582694,-38.55655157,3.443992566,-2.379440883,,294.3017271,1.776592858,0.3528842013,-0.5325261606
783.392,2.281415994,0.09355094999,-38.38117071,3.608418116,-2.345814655,,294.249644,1.529575697,0.3204686003,-0.5076923927
783.492,2.249730152,0.08752950646,-38.10739166,3.757776776,-2.314665224,,294.1996838,1.475391395,0.3027895114,-0.4892938863
783.592,2.305164772,0.08263377707,-37.73955146,3.882566469,-2.284961619,,294.1524114,1.01340527,0.2930493682,-0.4550819282
783.692,2.231980775,0.07867027273,-37.05989202,3.977588282,-2.255605927,,294.1076217,0.9306958167,0.2955443077,-0.440196964
783.792,2.210038131,0.07391354433,-36.62587139,4.075028748,-2.225822287,,294.0640358,1.040201148,0.3003940167,-0.429147606
783.892,2.216417705,0.07016837707,-36.46114072,4.185296324,-2.195656994,,294.0217169,1.169694788,0.302745837,-0.4139924016
783.992,2.2309367,0.06859181382,-36.45696169,4.306504701,-2.1653557,,293.9811279,1.250440711,0.303356943,-0.394561515
784.092,2.243149548,0.06932132126,-36.50559065,4.43328547,-2.134975811,,293.9425663,1.279364135,0.3047923422,-0.3739302136
784.192,2.320441417,0.07144328012,-36.61350619,4.560571242,-2.104344849,,293.9060298,1.187299644,0.3084950647,-0.3519008727
784.292,2.460073163,0.09267821163,-36.26500146,4.637716149,-2.066535344,,293.8723514,0.200955983,0.4508015319,-0.3204481627
784.392,2.266443579,0.08388197828,-34.83690989,4.627708971,-2.017824685,,293.8401925,-0.2988293294,0.5225830224,-0.3293392291
784.492,2.188857226,0.07528476779,-33.70056216,4.599758855,-1.963504585,,293.8058489,-0.1954394817,0.5628152035,-0.3592964398
784.592,2.186910071,0.06433214398,-33.14846106,4.592413016,-1.906339762,,293.7686975,0.07182439225,0.5778859053,-0.3820851452
784.692,2.283196027,0.05280037123,-33.09792851,4.609311595,-1.848651445,,293.7300096,0.1900143898,0.572563539,-0.3860163018
784.8,2.376531573,0.04325083655,-32.95324445,4.615907594,-1.787400369,,293.6888572,-0.2100168793,0.5567867023,-0.3679503634
784.9,2.281181952,0.0367788271,-32.23271798,4.576466281,-1.732157454,,293.6526098,-0.5271543327,0.5490220192,-0.3578001629
785,2.242429894,0.02792706294,-31.61066811,4.523145216,-1.677404519,,293.6168975,-0.5043188516,0.5456989797,-0.354753331
785.1,2.241981764,0.01831628139,-31.28300133,4.478544929,-1.623088746,,293.5816938,-0.3740998461,0.5393349853,-0.345937503
785.2,2.378097714,0.04323201039,-31.01761607,4.417584586,-1.556422238,,293.5476916,-0.9451252122,0.7931182761,-0.3336080528
785.3,2.394350685,0.02654681338,-30.14100478,4.296738564,-1.465772184,,293.514034,-1.497631384,1.009742786,-0.3409704091
785.4,2.291064903,-0.005565495109,-28.97046959,4.134152803,-1.360934963,,293.4791183,-1.679220009,1.078598738,-0.3584435968
785.5,2.267565762,-0.02902441461,-28.1983277,3.972491903,-1.252212871,,293.442537,-1.514341887,1.090825704,-0.3702783331
785.6,2.282985292,-0.04968695352,-27.8891289,3.831286641,-1.143643688,,293.4055674,-1.299662727,1.076189083,-0.3639508542
785.7,2.306401058,-0.06715450091,-27.86987588,3.708591316,-1.037223307,,293.3700906,-1.15924673,1.048743515,-0.3396038059
785.8,2.323448345,-0.08063590289,-27.95823209,3.595825195,-0.9337327153,,293.3376789,-1.104750529,1.01887802,-0.3026559708
785.9,2.331202058,-0.08995855318,-28.04575922,3.485743704,-0.8330543428,,293.3093105,-1.10364052,0.9938103561,-0.2591088767
786,2.331895304,-0.09540360932,-28.0958129,3.374663636,-0.7345076618,,293.2854146,-1.121622044,0.9773346224,-0.2137079108
786.1,2.207869209,-0.2116371713,-28.05569262,3.267550812,-0.6461674647,,293.2664381,-0.8650396579,0.6184560737,-0.1510430563
786.2,2.215857813,-0.3191071951,-28.54578714,3.200021399,-0.6201401748,,293.256228,-0.4560180737,-0.318375151,-0.02729714031
786.3,2.290480376,-0.1705617791,-29.3088044,3.167562375,-0.6851481994,,293.2603365,-0.2481255626,-0.9466816153,0.1217347891
786.4,2.305251535,-0.05549599606,-29.87326243,3.140549496,-0.792690833,,293.278561,-0.3245953815,-1.160195125,0.2476894014
786.5,2.284030297,0.01692861597,-30.13366463,3.101763345,-0.9089055177,,293.3073802,-0.4618023229,-1.141153032,0.3285000015
786.6,2.250323874,0.0778953883,-30.18534689,3.050812322,-1.018774029,,293.3420415,-0.5558271747,-1.040213893,0.3605044153
786.7,2.218004712,0.1328365625,-30.15460184,2.993312404,-1.117062081,,293.3777639,-0.5893166225,-0.9132875885,0.3468352797
786.8,2.192102379,0.1807952669,-30.12297498,2.934520472,-1.202520422,,293.4102818,-0.5827913829,-0.7868287686,0.2946022941
786.9,2.172745843,0.219764161,-30.12033117,2.877239939,-1.275943868,,293.4361467,-0.5614327308,-0.6757407521,0.2129414135
787,2.15857818,0.2481430982,-30.14465523,2.822121286,-1.339307106,,293.4528691,-0.5414063724,-0.5886726556,0.1118119576
787.1,2.148371725,0.2651538639,-30.18277718,2.76868377,-1.395242599,,293.4589631,-0.5287627449,-0.5299862424,0.001218140576
787.2,2.141449812,0.2709437739,-30.2225045,2.716165559,-1.446661792,,293.4539217,-0.5232748488,-0.5007510828,-0.1094091933
787.3,2.137473338,0.266537032,-30.25710219,2.663959968,-1.496457675,,293.4381336,-0.5224464159,-0.4994062946,-0.2117787107
787.4,2.136087621,0.2536887952,-30.28436447,2.611717851,-1.547267537,,293.4127447,-0.52384397,-0.5223119724,-0.2992398355
787.5,2.136807337,0.234664895,-30.30468341,2.559297275,-1.601289586,,293.3794764,-0.5258630789,-0.5642918023,-0.3671472253
787.6,2.138938345,0.2119912191,-30.31949993,2.506680753,-1.660155826,,293.3404155,-0.5276405287,-0.6192173447,-0.4130358233
787.7,2.141705106,0.1882059879,-30.33040056,2.453914392,-1.724864355,,293.2977954,-0.5287476291,-0.6806080666,-0.4365892281
787.8,2.144287294,0.1656390091,-30.33881144,2.401077487,-1.79577085,,293.2537904,-0.5289302404,-0.7422046591,-0.4394213154
787.9,2.145968293,0.1462372065,-30.34598334,2.348273051,-1.872634326,,293.210338,-0.5279653714,-0.7984671294,-0.4247127284
788,2.146177836,0.1314447605,-30.35304854,2.295624748,-1.954707695,,293.1690028,-0.525669677,-0.8449581494,-0.3967523634
788.1,2.144508389,0.1221415409,-30.36104041,2.243272033,-2.040860486,,293.1308882,-0.5219240029,-0.87858888,-0.3604390246
788.2,2.140780426,0.1186366773,-30.37080823,2.191361731,-2.129719533,,293.0965987,-0.5167075403,-0.8977204009,-0.3207905827
788.3,2.065249418,0.1211173653,-30.31527798,2.1408263,-2.219808638,,293.0662161,-0.4193694382,-0.9016522125,-0.2860730551
788.4,2.034041425,0.1262296865,-30.76821766,2.13478233,-2.309658211,,293.037943,0.2930807854,-0.8955582706,-0.2730618316
788.5,2.114901529,0.1377213043,-31.67791606,2.175653819,-2.399036574,,293.0120882,0.464551504,-0.8906286642,-0.2384815654
788.6,2.134027886,0.1564209872,-32.30259701,2.218233378,-2.487484171,,292.9897299,0.3536691564,-0.8743198497,-0.2069605348
788.7,2.118137143,0.1781409223,-32.57039334,2.246203462,-2.573570542,,292.9697765,0.1957614427,-0.8422978808,-0.1932441419
788.8,2.091848781,0.1993008306,-32.61030845,2.260528651,-2.655890339,,292.9502217,0.09298803226,-0.7993110745,-0.2006037624
788.9,1.982753316,0.2847422246,-32.64746636,2.284985688,-2.721131723,,292.9275905,0.4937563176,-0.415953959,-0.2655356845
789,2.045382097,0.3878315526,-33.20153209,2.346569486,-2.74701287,,292.8977011,0.6978477666,0.04993611459,-0.3432975115
789.1,2.070371927,0.3095640652,-33.67706379,2.416208056,-2.717375197,,292.8589855,0.6685960998,0.531664166,-0.4376499858
789.2,2.072777075,0.2532670769,-33.92903504,2.478721972,-2.645738746,,292.8105394,0.570627425,0.8677846083,-0.5367528861
789.3,2.068105095,0.2009603183,-34.0055558,2.531864076,-2.554868071,,292.7528681,0.490461473,0.9290640597,-0.6189652603
789.4,2.065890226,0.1619011092,-33.99464254,2.57879568,-2.463185913,,292.6880166,0.4498435703,0.8924355059,-0.6774350456
789.5,2.068904337,0.124310525,-33.96162228,2.623194891,-2.377110991,,292.6185831,0.4397752861,0.8195253881,-0.7077670424
789.6,2.076007743,0.08745293026,-33.93613448,2.667382067,-2.299051394,,292.5474656,0.4444053332,0.7336320328,-0.7087474211
789.7,2.276861408,0.1350664505,-33.80323443,2.681893079,-2.219609982,,292.4780401,-0.3310194574,0.9372195384,-0.6756153735
789.8,2.228297886,0.04377302893,-32.63623761,2.611130175,-2.117116095,,292.4116135,-1.166332843,1.084569492,-0.6478526203
789.9,2.089106239,-0.006301417612,-31.06487865,2.479893797,-2.007540728,,292.3475207,-1.357190851,1.097548299,-0.6318668619
790,2.059100258,-0.04542873048,-30.06993343,2.353991298,-1.898829363,,292.285368,-1.109337459,1.070377416,-0.6033608577
790.1,2.079901773,-0.07645862216,-29.70340309,2.257155635,-1.793676876,,292.2272973,-0.8154693264,1.027862992,-0.5474984413
790.2,2.179027144,-0.09823715476,-29.78176581,2.184430858,-1.692915625,,292.175982,-0.7219553049,0.9843870959,-0.4657217359
790.3,2.201650723,-0.09177187395,-29.65426749,2.099864055,-1.589238512,,292.1333424,-1.041802356,1.089534185,-0.3791668388
790.4,2.143480349,-0.1073035519,-29.19029501,1.986602114,-1.478237595,,292.0988089,-1.190255295,1.128422557,-0.3064562663
790.5,2.117939817,-0.1101674036,-28.83325096,1.868774644,-1.364244721,,292.0710091,-1.145661452,1.153063163,-0.2441871797
790.6,2.110736519,-0.1067684501,-28.67492778,1.758624291,-1.247797208,,292.0491259,-1.050106198,1.178509605,-0.1885310352
790.7,2.108365997,-0.09911486575,-28.66315321,1.657432186,-1.128650184,,292.032485,-0.9744177404,1.207513101,-0.1403282446
790.8,2.103695469,-0.08864634487,-28.71831262,1.562156351,-1.006427677,,292.0202328,-0.9344036087,1.240261455,-0.1019652805
790.9,2.0950604,-0.0769153495,-28.78532679,1.469579136,-0.8807937092,,292.0112963,-0.9201063494,1.275701883,-0.07513470836
791,2.083540521,-0.06545818614,-28.8410564,1.377811742,-0.7515676176,,292.0045025,-0.9169931016,1.311746049,-0.05996241776
791.1,2.070890348,-0.05558205523,-28.88310008,1.286238583,-0.6188083728,,291.9987377,-0.9152369022,1.34574325,-0.05508222592
791.2,2.058343106,-0.07412463207,-28.91987056,1.194947126,-0.4857955042,,291.9932359,-0.91100021,1.271489952,-0.05175505413
791.3,2.046515104,-0.04946127105,-28.94838942,1.10417156,-0.3613067197,,291.9881187,-0.9047907754,1.227787873,-0.04994664312
791.4,1.893022809,-0.1197518802,-28.84781578,1.015728668,-0.2396280598,,291.9830068,-0.7110685562,1.121035584,-0.0477439264
791.5,1.940762171,-0.07636765052,-29.50778877,0.9802185485,-0.1456974977,,291.9796176,-0.03811124941,0.7818651857,-0.0123472436
791.6,1.935961221,-0.120823642,-30.3771655,0.9861143107,-0.07433988894,,291.9802913,0.1740274992,0.569305482,0.03397627202
791.7,1.993092823,-0.04240150202,-31.24247553,1.009846788,-0.03057379333,,291.9862396,0.2467760037,0.3368303808,0.08872426697
791.8,1.995175465,-0.006024133727,-31.77472642,1.029031101,8.894475664e-05,,291.9969538,0.1110999596,0.2888342447,0.1265810085
791.9,1.827497675,-0.0207645014,-31.83926607,1.034882664,0.02889519152,,292.0105403,0.1550250745,0.2509180472,0.1468951555
792,1.898415852,0.02678355853,-32.39492288,1.069154928,0.04969749459,,292.0260985,0.4874243539,0.1807667927,0.1658391999
792.1,1.925279571,0.05390550285,-32.94821536,1.120669764,0.06770333072,,292.0430719,0.5107450746,0.1859989613,0.172857851
792.2,1.919604247,0.07452024566,-33.27465175,1.168071092,0.08748759866,,292.0600154,0.4228511159,0.2139985568,0.1638261667
792.3,1.899969164,0.09038375315,-33.39697105,1.20633459,0.1104333306,,292.0753782,0.3402509504,0.2479052765,0.1407324647
792.4,1.879772236,0.1010920264,-33.4132343,1.23821349,0.136696034,,292.0879654,0.3000647678,0.2789508248,0.1084522444
792.5,1.792449807,0.1069136727,-33.33149093,1.268684124,0.1657201779,,292.0971075,0.3898146789,0.3022815199,0.07256317457
792.6,1.781066622,0.08966921517,-33.60714339,1.324986788,0.1896168179,,292.1032965,0.7995266861,0.1747306549,0.05351415972
792.7,1.844886091,0.1006184571,-34.23371969,1.415316042,0.2043735893,,292.1081132,0.9643574657,0.1231928539,0.04388676282
792.8,1.86562085,0.1035082642,-34.69824631,1.510198096,0.2153824851,,292.112064,0.908007521,0.09719954764,0.03550749713
792.9,1.860293644,0.1036535232,-34.91264599,1.596221672,0.2243200478,,292.115136,0.8040588992,0.08147538872,0.02627139449
793,1.846576756,0.1019136615,-34.95691561,1.673026492,0.231959672,,292.1172864,0.7328194515,0.07106479397,0.01744259323
793.1,1.834617789,0.09871096484,-34.93312225,1.744856181,0.2386766411,,292.1186479,0.707013325,0.06276314885,0.01098248024
793.2,1.827284702,0.09468235442,-34.90557589,1.815622855,0.244581819,,292.119524,0.7106102816,0.05465004331,0.008169129184
793.3,1.948551419,-0.003070268242,-34.97734207,1.881284444,0.2431021264,,292.1206201,0.4386497506,-0.2213791929,0.02301452751
793.4,1.901585997,0.0272591834,-34.38559159,1.901291283,0.2067973738,,292.1239894,-0.07742629326,-0.5164085141,0.04755227105
793.5,1.808531809,0.08131010862,-33.51059524,1.884522381,0.1464144922,,292.1297899,-0.2001524246,-0.6652198154,0.07065656524
793.6,1.7774526,0.1007693652,-32.95476824,1.869857113,0.07868707698,,292.137712,-0.06344690302,-0.6801861238,0.09021191737
793.7,2.028137856,0.1132287158,-32.63406214,1.835003504,0.01127799191,,292.1473368,-0.893437609,-0.6625776603,0.1002811328
793.8,1.834486317,0.1270689124,-31.09946093,1.715333951,-0.05297244474,,292.1567394,-1.388399742,-0.6142811717,0.08460329201
793.9,1.762190896,0.1331231139,-29.91629307,1.579846045,-0.1117747113,,292.1640696,-1.253395789,-0.5581948978,0.06122808747
794,1.75914757,0.1349411704,-29.38597692,1.467934238,-0.1655195995,,292.1691923,-0.9619549862,-0.5162641525,0.04170833306
794.1,1.776621224,0.1360787817,-29.32252308,1.382803011,-0.2159151913,,292.1726256,-0.7434312487,-0.4922413714,0.02771058757
794.2,1.789719995,0.1379720838,-29.45686563,1.313992,-0.2645347865,,292.174827,-0.6433166817,-0.480601173,0.01686337192
794.3,1.792134637,0.1405318771,-29.61039764,1.251027957,-0.3123039603,,292.1759875,-0.6247531844,-0.4748057105,0.006615573793
794.4,1.786387405,0.1431394533,-29.71410188,1.188061876,-0.3595976635,,292.1760971,-0.6391489596,-0.4708191259,-0.004299307507
794.5,1.776660169,0.1021318649,-29.77086245,1.12340246,-0.4165987591,,292.1756739,-0.6557602309,-0.713187784,0.0007512286053
794.6,1.765798688,0.1393888681,-29.7883509,1.057428708,-0.4940012576,,292.1760818,-0.6636400441,-0.8191983627,0.008586105724
794.7,1.754701755,0.1549486292,-29.79940434,0.9911766254,-0.5771393121,,292.1770871,-0.6608693264,-0.8378165507,0.01219671166
794.8,1.743931792,0.1650846041,-29.81524743,0.9255368845,-0.6606759793,,292.1782352,-0.6516873841,-0.8299409466,0.0109836417
794.9,1.733333217,0.1738961631,-29.83880818,0.8609386237,-0.7429612762,,292.1790337,-0.6404415968,-0.8136558726,0.004801402971
795,1.649816137,0.1825432461,-29.79684079,0.7982914302,-0.8234746926,,292.1789802,-0.5340957432,-0.7944013901,-0.007528489444
795.1,1.688445054,0.1889460085,-30.11423749,0.7570458017,-0.9021153466,,292.1774873,-0.3159152159,-0.7783789754,-0.02153195587
795.2,1.663857605,0.1789721217,-30.55841503,0.7405365482,-0.9864911255,,292.174974,-0.02665490339,-0.908182162,-0.02619673842
795.3,1.616057389,0.2017345226,-31.02453,0.7413547293,-1.079502806,,292.1722189,0.09048303591,-0.945048316,-0.02982788281
795.4,1.624080132,0.2149838904,-31.72491932,0.7711835305,-1.174227155,,292.1686006,0.4748480166,-0.948324686,-0.04062153446
795.5,1.663583001,0.2277346759,-32.4746629,0.8210710971,-1.269011619,,292.1641952,0.4791358243,-0.946147667,-0.04719172048
795.6,1.659289303,0.2411378208,-32.88699447,0.8631886192,-1.363252984,,292.1588752,0.3448934594,-0.9364814059,-0.06067658071
795.7,1.637303873,0.2529464778,-33.01559474,0.8919245724,-1.456189588,,292.1517444,0.2281086772,-0.9200573778,-0.08421230499
795.8,1.561265993,0.2616576483,-33.00725711,0.9171399783,-1.547316892,,292.1417352,0.3683436821,-0.9009983884,-0.1199774189
795.9,1.5526168,0.2660820255,-33.40010817,0.9740140314,-1.636789797,,292.1277871,0.755985132,-0.8901723871,-0.1583132709
796,1.595366643,0.270115292,-33.98693795,1.054623941,-1.725828719,,292.1106747,0.8195835555,-0.8918747456,-0.1834773289
796.1,1.602477946,0.4831600602,-34.33246345,1.133300801,-1.812702186,,292.0911235,0.7353861539,-0.613823766,-0.2201525247
796.2,1.591509647,0.4112274387,-34.48439631,1.202454922,-1.84324267,,292.0654137,0.6440655828,0.02610343325,-0.3029076509
796.3,1.58101367,0.3110324254,-34.51698837,1.264246923,-1.814155683,,292.030439,0.5938460125,0.5032314131,-0.4015480207
796.4,1.578076011,0.2979918626,-34.50222993,1.32282046,-1.751606295,,291.9861199,0.5796613243,0.8146014421,-0.4923987659
796.5,1.582025787,0.2111727006,-34.49850833,1.380978316,-1.663282316,,291.933354,0.5841620472,0.9196563995,-0.5619098003
796.6,1.590766584,0.1560801625,-34.5024125,1.439826433,-1.572675988,,291.8752391,0.5919759356,0.8764775256,-0.5961416135
796.7,1.601618884,0.1538720445,-34.50580473,1.499339591,-1.478589828,,291.8147244,0.5971354734,1.039405162,-0.6121262212
796.8,1.61264774,0.07718953883,-34.51799333,1.559290068,-1.372773222,,291.7537775,0.6004429663,1.053471066,-0.5990578195
796.9,1.622953487,0.02896200725,-34.52405148,1.619462505,-1.270254424,,291.6955911,0.6015733243,0.9861126148,-0.5552786803
797,1.631282724,-0.005758122729,-34.52453193,1.679705695,-1.175266358,,291.6429505,0.6021204882,0.9080973488,-0.487346069
797.1,1.63591232,-0.209538757,-34.54077186,1.740043391,-1.095349674,,291.5983253,0.6037674968,0.4549202209,-0.3811616586
797.2,1.637383123,-0.1177184725,-34.523596,1.800458879,-1.092195528,,291.567671,0.6026988063,-0.3266839511,-0.2166309786
797.3,1.631291275,-0.08399989657,-34.50901503,1.860798864,-1.137467974,,291.5530527,0.6041904367,-0.5899319194,-0.06327172584
797.4,1.620007715,-0.005980176426,-34.49519398,1.921577028,-1.203747655,,291.5530466,0.6117017803,-0.7034633339,0.06982430114
797.5,1.604460437,0.04935846964,-34.49416561,1.983338715,-1.272832522,,291.564656,0.6239556016,-0.6601028788,0.1647693622
797.6,1.586659473,0.101893518,-34.50554344,2.046450055,-1.334526807,,291.5838318,0.6383775514,-0.5599801113,0.217279414
797.7,1.642908338,0.152830022,-34.60021808,2.110153685,-1.385112464,,291.6063242,0.5551038114,-0.4408089738,0.2298888347
797.8,1.607910152,0.2018657153,-34.22933104,2.141590031,-1.423606847,,291.628652,0.0916584207,-0.3177237038,0.2067504438
797.9,1.531575157,0.2409539992,-33.61145297,2.145088775,-1.4497747,,291.6463501,0.02007332429,-0.1980711364,0.1369971625
798,1.55875194,0.2939661676,-33.2342586,2.145980095,-1.461835023,,291.6558042,-0.07101763934,0.006391956075,0.04161740612
798.1,1.550851464,0.2871481304,-32.68955929,2.123952761,-1.454072903,,291.6551039,-0.3486128928,0.1409500385,-0.06602943388
798.2,1.508090341,0.2803568113,-32.11929041,2.088522579,-1.437056903,,291.643158,-0.325964929,0.1941155504,-0.1802477285
798.3,1.506239582,0.2646200568,-31.8408312,2.061514013,-1.417139833,,291.6203083,-0.2022100738,0.1975179449,-0.2803163168
798.4,1.520830402,0.2413144417,-31.79110434,2.046369276,-1.398648119,,291.5885389,-0.1021420193,0.1645928511,-0.3555614642
798.5,1.5371261,0.2135458268,-31.8426694,2.038725324,-1.384654962,,291.5505218,-0.05666753594,0.1075658057,-0.4028342459
798.6,1.549763132,0.1843397611,-31.90500137,2.03359804,-1.377023192,,291.509038,-0.05121735957,0.03815889982,-0.4229800751
798.7,1.558432919,0.1563571702,-31.94156066,2.028077433,-1.376515891,,291.4666815,-0.0624636482,-0.0336573181,-0.4188480098
798.8,1.564328756,0.1318429612,-31.95109047,2.021302985,-1.383001327,,291.4257027,-0.07461557947,-0.1001603132,-0.3944951698
798.9,1.568303684,0.1125352926,-31.94531214,2.01353641,-1.395676115,,291.3879029,-0.08146319557,-0.1557816882,-0.354876723
799,1.57057155,0.09955585648,-31.93552565,2.005350005,-1.413270193,,291.3545573,-0.08278130483,-0.1968836157,-0.3055532522
799.1,1.570971731,0.09334565597,-31.92821496,1.997215397,-1.434231839,,291.3263724,-0.08047161538,-0.2215974269,-0.2522739646
799.2,1.569318193,0.09367779582,-31.92563873,1.989407804,-1.456899029,,291.3034897,-0.0763301417,-0.2297018443,-0.2004837593
799.3,1.565661289,0.09974678318,-31.92780255,1.98205509,-1.47965725,,291.2855381,-0.07143208849,-0.2224575376,-0.1548542647
799.4,1.560264322,0.1103117229,-31.93399033,1.975207927,-1.501076646,,291.2717286,-0.06624323691,-0.2023475739,-0.1189272366
799.5,1.55360251,0.1238670567,-31.94346735,1.968884737,-1.520018777,,291.2609785,-0.06097356504,-0.1727255359,-0.09490886101
799.6,1.546199774,0.138817335,-31.95545834,1.963087218,-1.535705279,,291.2520478,-0.05575054672,-0.1374082822,-0.08362483787
799.7,1.538630296,0.1536360294,-31.96957815,1.957804111,-1.547745268,,291.2436743,-0.0507445005,-0.1002701481,-0.08461305692
799.8,1.531387776,0.1670013608,-31.98522549,1.953002217,-1.556124006,,291.2346936,-0.04619949783,-0.06487582972,-0.09633009226
799.9,1.5248436,0.1778906435,-32.00161694,1.948628057,-1.561157341,,291.224135,-0.04225846731,-0.03418100656,-0.1164339518
800,1.519284628,0.1856376341,-32.0179887,1.944617292,-1.563420999,,291.2112865,-0.03899421937,-0.01033598168,-0.1420994115
800.1,1.514842604,0.1899497374,-32.03367379,1.940902471,-1.563664751,,291.1957288,-0.03638674981,0.005411883907,-0.1703405658
800.2,1.511558797,0.1908891478,-32.04815634,1.937420661,-1.562721258,,291.1773373,-0.03436757698,0.01272068223,-0.1983062444
800.3,1.509334962,0.1888224184,-32.06110287,1.934118306,-1.56141864,,291.1562566,-0.03281359187,0.01207218003,-0.2235276713
800.4,1.508010089,0.1843488862,-32.0723702,1.930955311,-1.560504415,,291.1328538,-0.03158020611,0.004624106502,-0.2440986499
800.5,1.507360244,0.1782156571,-32.0819875,1.927906237,-1.56058643,,291.1076564,-0.03052647155,-0.007981633409,-0.2587815708
800.6,1.507105979,0.171229839,-32.09010698,1.924960314,-1.562094122,,291.0812836,-0.02949364228,-0.02383172457,-0.2670392584
800.7,1.50699723,0.1641758312,-32.09702377,1.922121868,-1.565261116,,291.0543774,-0.02835036244,-0.0409524448,-0.2689957634
800.8,1.506773611,0.1577458478,-32.1031478,1.91940657,-1.570128291,,291.0275403,-0.02699971307,-0.05750222712,-0.2653426344
800.9,1.506243237,0.1524871905,-32.10884369,1.91683819,-1.576564284,,291.0012848,-0.02538067846,-0.07192341478,-0.2572037391
801,1.505239834,0.1487692753,-32.11447042,1.914445851,-1.584299297,,290.975997,-0.02344723314,-0.08305174224,-0.2459772114
801.1,1.503685261,0.1467719016,-32.12035393,1.912261702,-1.592967564,,290.9519168,-0.02118894582,-0.09017544437,-0.2331705468
801.2,1.501563009,0.146492426,-32.12675515,1.910317117,-1.602153425,,290.9291341,-0.01863974239,-0.093044548,-0.2202467335
801.3,1.498892532,0.1477687443,-32.1338528,1.908639457,-1.611436251,,290.9075997,-0.01583999082,-0.09183626174,-0.2084948949
801.4,1.495771146,0.1503144719,-32.14173765,1.907250436,-1.620430194,,290.8871473,-0.01286758509,-0.08708482052,-0.1989312356
801.5,1.492298861,0.1537609181,-32.15041102,1.906163879,-1.628815725,,290.8675238,-0.009796309142,-0.07958724924,-0.19223992
801.6,1.488625498,0.1577017577,-32.15979445,1.905385663,-1.636361061,,290.8484239,-0.006714030382,-0.07029624332,-0.1887503699
801.7,1.484875643,0.1617352615,-32.16980065,1.904913182,-1.642932772,,290.8295253,-0.003699737354,-0.06021294283,-0.1884518454
801.8,1.481181765,0.1655014425,-32.1801599,1.90473696,-1.648495907,,290.8105207,-0.0008026553402,-0.05028579702,-0.191037313
801.9,1.477661951,0.1687095982,-32.19068793,1.904843451,-1.653104841,,290.7911449,0.001934639548,-0.04133052287,-0.1959682144
802,1.474383461,0.1711572764,-32.20120046,1.905215962,-1.656887139,,290.7711939,0.004500879487,-0.03397123127,-0.2025545922
802.1,1.47141163,0.172738114,-32.21152794,1.905836715,-1.660022576,,290.7505369,0.006882309645,-0.02860571685,-0.2100374299
802.2,1.468747736,0.1734394487,-32.22152606,1.90668764,-1.662719914,,290.7291187,0.009093958866,-0.02539682824,-0.217669116
802.3,1.466395967,0.1733319721,-32.23109388,1.907752856,-1.665193878,,290.7069562,0.01115908135,-0.02428674712,-0.2247809642
802.4,1.464302837,0.172552424,-32.24017478,1.909019093,-1.667644484,,290.6841271,0.01311215856,-0.02503022735,-0.2308359637
802.5,1.462429632,0.1712828438,-32.24875766,1.910476946,-1.670240336,,290.6607556,0.01499125103,-0.0272410162,-0.2354620545
802.6,1.460694421,0.1697275845,-32.25687294,1.912120654,-1.673106955,,290.636995,0.01683381662,-0.0304456105,-0.2384661931
802.7,1.459038863,0.1680917041,-32.26462286,1.913948407,-1.676320606,,290.6130096,0.01867491335,-0.03413893255,-0.2398298248
802.8,1.457401341,0.1665618941,-32.27204159,1.915960854,-1.679907534,,290.5889585,0.02053432325,-0.03783450081,-0.2396886548
802.9,1.455710905,0.165290616,-32.27921047,1.918161574,-1.683847811,,290.5649812,0.02244978759,-0.04110735486,-0.2383010892
803,1.453943182,0.1643868597,-32.28624436,1.92055701,-1.688083154,,290.5411872,0.02443351822,-0.04362734636,-0.2360074978
803.1,1.452054877,0.1639112629,-32.29323963,1.923153827,-1.692527351,,290.5176498,0.02648328254,-0.04517744634,-0.2331888348
803.2,1.450052871,0.1638766413,-32.30027289,1.925958627,-1.69707794,,290.494404,0.02859526978,-0.04565957556,-0.2302261227
803.3,1.447924951,0.1642525408,-32.30739521,1.928976586,-1.701627927,,290.4714477,0.03074834149,-0.04508875905,-0.2274645454
803.4,1.44569755,0.1649737472,-32.31463184,1.932211313,-1.706076457,,290.4487475,0.03292979263,-0.04357762363,-0.225186239
803.5,1.443405474,0.1659506147,-32.32198341,1.935664303,-1.710337573,,290.4262451,0.03511114569,-0.04131350112,-0.2235912113
803.6,1.441067299,0.1670804482,-32.32943568,1.939335163,-1.714346484,,290.4038663,0.03728067609,-0.03853178957,-0.2227897256
803.7,1.438733761,0.1682590066,-32.33693623,1.943221617,-1.718063078,,290.3815302,0.03941680605,-0.03548756368,-0.2228025684
803.8,1.436423629,0.169389941,-32.34444258,1.947319795,-1.721472627,,290.3591573,0.04150971189,-0.03242912572,-0.2235708536
803.9,1.434185437,0.170393537,-32.35194689,1.951624692,-1.724584143,,290.3366774,0.04354194921,-0.02957710452,-0.2249711837
804,1.432023216,0.171211613,-32.35938092,1.956129109,-1.727426677,,290.3140346,0.04549348369,-0.02710542109,-0.2268357425
804.1,1.429961337,0.1718103397,-32.36668583,1.960825475,-1.730044134,,290.2911912,0.0473757998,-0.02513143877,-0.2289741974
804.2,1.428013301,0.1721802674,-32.37381539,1.965706406,-1.732489399,,290.2681287,0.04918043912,-0.02371225649,-0.2311929894
804.3,1.426163219,0.1723341433,-32.38074024,1.970765038,-1.734818377,,290.2448474,0.05092404453,-0.02284721,-0.2333151339
804.4,1.424419308,0.1723031182,-32.38744078,1.975995273,-1.737084506,,290.2213639,0.0526101616,-0.02248497897,-0.235193753
804.5,1.422752728,0.1721312513,-32.39391372,1.981392043,-1.739334188,,290.1977079,0.05425116716,-0.02253494759,-0.2367226476
804.6,1.421163844,0.1718700443,-32.40016192,1.986951174,-1.741603454,,290.1739175,0.05585730079,-0.02288051266,-0.2378409322
804.7,1.419618744,0.1715723444,-32.40620187,1.992669543,-1.743916021,,290.1500348,0.05743358536,-0.02339335796,-0.2385329198
804.8,1.418110337,0.171287541,-32.41207047,1.998544714,-1.746282762,,290.1261017,0.05899271205,-0.02394724936,-0.2388243767
804.9,1.41662813,0.171057234,-32.41775791,2.004574588,-1.748702437,,290.1021556,0.06052754031,-0.02442877638,-0.2387741351
805,1.415147281,0.1709120772,-32.42329558,2.010757905,-1.751163432,,290.0782272,0.06206068642,-0.02474719495,-0.2384656015
805.1,1.413675145,0.1708706771,-32.42871012,2.01709392,-1.75364632,,290.0543378,0.06357956493,-0.02483992979,-0.2379941309
805.2,1.412193223,0.1709391123,-32.43402354,2.023581564,-1.756126811,,290.0304994,0.06509222334,-0.02467490363,-0.2374582369
805.3,1.410717825,0.1711121519,-32.43925041,2.03021976,-1.758578776,,290.006714,0.06658988228,-0.0242495349,-0.2369488158
805.4,1.409236308,0.1713749102,-32.44439938,2.03700675,-1.760977061,,289.9829753,0.0680640802,-0.02358729535,-0.2365421479
805.5,1.407764073,0.171705732,-32.44946882,2.04394012,-1.763299855,,289.9592704,0.0695169812,-0.02273225331,-0.236294861
805.6,1.406316639,0.1720789002,-32.45445582,2.051017211,-1.765530445,,289.9355816,0.07093292757,-0.02174228009,-0.2362401875
805.7,1.404888069,0.1724675692,-32.45935155,2.058234495,-1.767658276,,289.9118889,0.0723175465,-0.02068202716,-0.2363890512
805.8,1.403501408,0.172846592,-32.46411223,2.065588499,-1.769679288,,289.8881723,0.07366384922,-0.01961547134,-0.2367306967
805.9,1.402152383,0.1731942433,-32.46877042,2.073075734,-1.771595575,,289.8644136,0.07497659678,-0.01860083536,-0.2372371635
806,1.400862141,0.1734946507,-32.47332231,2.080691887,-1.773414634,,289.8405982,0.07623578796,-0.01768587592,-0.2378674408
806.1,1.39961779,0.1737378093,-32.47773951,2.088431553,-1.775148072,,289.8167159,0.07744370304,-0.01690361749,-0.2385742679
806.2,1.398437718,0.1739200558,-32.48200241,2.096289726,-1.776810093,,289.7927612,0.0786017124,-0.01627167345,-0.2393084312
806.3,1.397305861,0.1740433935,-32.48609957,2.104261401,-1.77841597,,289.7687336,0.07971162013,-0.01579268766,-0.2400238223
806.4,1.396229518,0.1741148936,-32.49002666,2.112342226,-1.779980613,,289.7446369,0.08078197586,-0.01545609813,-0.2406814585
806.5,1.395212932,0.1741452538,-32.4937804,2.120527928,-1.78151736,,289.7204781,0.08180691004,-0.015240566,-0.2412518295
806.6,1.394236957,0.1741472659,-32.49736496,2.128814632,-1.783037055,,289.696267,0.08279743933,-0.01511754355,-0.2417172984
806.7,1.393313232,0.1741345553,-32.50078362,2.137198771,-1.784547479,,289.6720144,0.08375124964,-0.01505464827,-0.2420714735
806.8,1.392417738,0.1741200358,-32.50399414,2.145676584,-1.786053137,,289.6477314,0.08467295632,-0.01501895761,-0.2423190611
806.9,1.391567465,0.1741144258,-32.5070158,2.154246348,-1.787555286,,289.6234279,0.08558731464,-0.01497982809,-0.2424737169
807,1.390744715,0.1741264076,-32.50995257,2.162905773,-1.789052501,,289.5991126,0.08646042164,-0.01491472729,-0.2425544503
807.1,1.389953014,0.1741618171,-32.51277571,2.171650728,-1.790541339,,289.5747917,0.08729488533,-0.0148062839,-0.2425859014
807.2,1.389195934,0.1742229047,-32.51546221,2.180476714,-1.792016923,,289.5504689,0.08807801753,-0.01464405542,-0.2425934558
807.3,1.388459355,0.1743087036,-32.51800696,2.189379678,-1.793473697,,289.5261454,0.0888315434,-0.01442560129,-0.2426019787
807.4,1.387759764,0.1744158213,-32.52041122,2.198356229,-1.794906199,,289.5018203,0.08954794605,-0.01415558744,-0.2426317494
807.5,1.387082885,0.1745388739,-32.52267934,2.207402946,-1.796309713,,289.4774907,0.09023062698,-0.01384449263,-0.2426984126
807.6,1.386447414,0.1746715026,-32.52481091,2.216516314,-1.797680763,,289.4531522,0.09087924069,-0.01350664741,-0.2428117298
807.7,1.385839059,0.1748067771,-32.52680873,2.225692805,-1.799017414,,289.4288001,0.09148833736,-0.01315840096,-0.2429753454
807.8,1.385268721,0.1749382394,-32.52866859,2.234928554,-1.800319391,,289.4044294,0.09206354952,-0.01281631184,-0.2431877887
807.9,1.384743405,0.1750602265,-32.53034002,2.244220183,-1.801587994,,289.3800354,0.09260306134,-0.01249482649,-0.2434424774
808,1.384254206,0.1751682173,-32.53190303,2.253564351,-1.802825903,,289.3556144,0.09310925457,-0.01220718183,-0.2437295751
808.1,1.383815523,0.1752597298,-32.53334013,2.262956992,-1.804036967,,289.3311635,0.09356607165,-0.01196263252,-0.2440368993
808.2,1.383411132,0.17533358,-32.53463453,2.272393336,-1.805225753,,289.3066815,0.09398044262,-0.01176606367,-0.244352483
808.3,1.383056517,0.1753901431,-32.53577598,2.281869004,-1.806397132,,289.282168,0.09434857479,-0.01161840035,-0.2446644955
808.4,1.382735361,0.1754309326,-32.53676121,2.291379657,-1.807555909,,289.2576238,0.09467838115,-0.01151725233,-0.2449630868
808.5,1.382463427,0.1754586078,-32.53759181,2.300921582,-1.808706523,,289.2330506,0.09497056172,-0.01145751859,-0.2452404257
808.6,1.382223187,0.1754763034,-32.53827002,2.310490881,-1.809852801,,289.2084509,0.09522412,-0.01143208974,-0.2454915477
808.7,1.382022009,0.1754875431,-32.53879893,2.320084017,-1.810997807,,289.1838274,0.09544477255,-0.01143283443,-0.2457145908
808.8,1.381865643,0.1754957166,-32.53917861,2.32969727,-1.812143767,,289.1591828,0.09562430632,-0.01145128283,-0.2459101315
808.9,1.381739132,0.1755036867,-32.53944671,2.339326994,-1.813292098,,289.1345198,0.09576691176,-0.011480037,-0.2460815445
809,1.381654106,0.1755140339,-32.53956096,2.348968988,-1.814443531,,289.1098405,0.09586703668,-0.01151244939,-0.246233885
809.1,1.38159337,0.1755280224,-32.53951011,2.358619358,-1.815598155,,289.0851466,0.0959340428,-0.01154303376,-0.246373568
809.2,1.38157507,0.1755463608,-32.53931198,2.368275304,-1.816755641,,289.0604391,0.09597539147,-0.01156903015,-0.2465070512
809.3,1.381581611,0.1755689509,-32.53897678,2.377933675,-1.817915481,,289.0357183,0.09598022654,-0.0115896901,-0.2466401165
809.4,1.381622452,0.1755951967,-32.53851004,2.387591303,-1.819077174,,289.010984,0.09595835793,-0.01160600896,-0.2467784382
809.5,1.381703464,0.1756239609,-32.53791086,2.397244711,-1.820240379,,288.9862355,0.09589237829,-0.0116201886,-0.246925779
809.6,1.381810504,0.1756536755,-32.53718087,2.406890275,-1.821405026,,288.9614717,0.09579796593,-0.01163556571,-0.2470855594
809.7,1.381958418,0.1756827435,-32.53631859,2.416524499,-1.822571408,,288.9366912,0.0956616768,-0.01165592891,-0.2472587763
809.8,1.382132328,0.1757094746,-32.53532448,2.426143656,-1.823740206,,288.9118928,0.09549425853,-0.01168531987,-0.2474458194
809.9,1.382348348,0.1757325015,-32.53419923,2.435744365,-1.8249125,,288.8870751,0.09529127151,-0.01172748502,-0.2476452894
810,1.382589956,0.1757506086,-32.5329443,2.445323046,-1.826089718,,288.862237,0.09504947922,-0.01178557443,-0.247854947
810.1,1.382865896,0.1757631081,-32.5315572,2.45487601,-1.827273566,,288.8373775,0.09477674403,-0.01186192254,-0.2480723303
810.2,1.383183097,0.1757696543,-32.53003962,2.464399895,-1.828465939,,288.8124961,0.09446312983,-0.01195784116,-0.2482940829
810.3,1.383526076,0.1757702408,-32.52839185,2.473891036,-1.829668822,,288.7875923,0.09411972306,-0.01207377551,-0.2485176754
810.4,1.383910071,0.1757652976,-32.52661622,2.483346223,-1.830884198,,288.7626662,0.09373926026,-0.01220916812,-0.2487402438
810.5,1.384318352,0.1757554248,-32.52471237,2.492761836,-1.83211396,,288.737718,0.09332672629,-0.01236276831,-0.2489600033
810.6,1.384766927,0.1757415032,-32.52268346,2.502134759,-1.83335985,,288.7127479,0.09288121209,-0.01253272886,-0.2491755498
810.7,1.385237957,0.1757243793,-32.52052925,2.511461477,-1.834623404,,288.6877565,0.09240128085,-0.01271688246,-0.2493863357
810.8,1.385748175,0.1757050191,-32.51825292,2.520738927,-1.835905939,,288.6627443,0.09189273727,-0.01291298651,-0.2495926383
810.9,1.386279778,0.1756841467,-32.51585699,2.52996386,-1.83720855,,288.6377115,0.09134962443,-0.01311887795,-0.2497950586
811,1.386840927,0.1756624848,-32.51334744,2.539133125,-1.83853213,,288.6126587,0.09077716752,-0.0133327882,-0.2499950249
811.1,1.387437695,0.1756405414,-32.51071548,2.5482434,-1.839877405,,288.5875859,0.09016841083,-0.01355310293,-0.2501939465
811.2,1.388054562,0.1756184883,-32.5079675,2.557291688,-1.841244968,,288.5624932,0.08953348609,-0.01377888486,-0.2503938142
811.275,1.388536596,0.1756018399,-32.50581105,2.564035379,-1.842285579,,288.5436605,0.08903693028,-0.01395148521,-0.2505452492
811.375,1.38920961,0.1755798657,-32.50288626,2.572968038,-1.843693378,,288.5185324,0.08834740674,-0.01418594596,-0.2507503715
811.475,1.389900695,0.1755574764,-32.49983025,2.581830448,-1.845124857,,288.4933836,0.08763055336,-0.01442561922,-0.2509605143
811.575,1.390626557,0.1755345392,-32.49666797,2.590619917,-1.846580563,,288.4682135,0.08688462059,-0.01467109565,-0.2511765158
811.675,1.391369661,0.1755106328,-32.49339899,2.599333306,-1.84806111,,288.4430215,0.08610788571,-0.01492314247,-0.2513989828
811.775,1.392147066,0.1754854523,-32.49002608,2.607967907,-1.849567195,,288.417807,0.08530603862,-0.01518262611,-0.2516282706
811.875,1.392941318,0.1754585694,-32.48655142,2.616520818,-1.851099597,,288.3925692,0.08447309569,-0.0154503565,-0.2518641001
811.975,1.393765786,0.1754297073,-32.4830816,2.624988912,-1.852659204,,288.3673075,0.08359941613,-0.01572815134,-0.2521059928
812.075,1.394616381,0.1753993135,-32.47947217,2.633366738,-1.854247087,,288.3420214,0.08267237785,-0.01601621279,-0.2523538942
812.175,1.395480041,0.1753664984,-32.47569265,2.641651349,-1.855864173,,288.3167101,0.0817352972,-0.01631295112,-0.252608267
812.275,1.396376012,0.1753310422,-32.4717888,2.64984177,-1.857511345,,288.2913732,0.08078835133,-0.01661882672,-0.2528676404
812.375,1.397288495,0.175293043,-32.46779288,2.657936989,-1.859189547,,288.2660102,0.07982754804,-0.01693446337,-0.2531305847
812.475,1.398232803,0.1752529579,-32.46371375,2.665935154,-1.86089976,,288.2406207,0.07884602825,-0.01725979271,-0.2533960669
812.575,1.399190998,0.1752110971,-32.45955487,2.673833925,-1.862642926,,288.2152046,0.07783595673,-0.01759416767,-0.2536634362
812.675,1.400170661,0.1751679138,-32.45531169,2.681630553,-1.864419908,,288.1897617,0.07680372761,-0.01793666294,-0.2539328869
812.775,1.401178016,0.1751237561,-32.45098405,2.689322564,-1.86623147,,288.1642917,0.07573982507,-0.01828621186,-0.254204277
812.875,1.402197681,0.1750788641,-32.44657391,2.696907402,-1.868078278,,288.1387945,0.07465806064,-0.01864197303,-0.2544784405
812.975,1.403246697,0.1750334421,-32.44213367,2.704382662,-1.869960915,,288.1132697,0.07354161867,-0.01900345317,-0.2547553855
813.075,1.404305347,0.1749881148,-32.43765165,2.711744139,-1.871880002,,288.0877171,0.07238107856,-0.0193711835,-0.2550361491
813.175,1.405385041,0.1749426934,-32.43301368,2.718988467,-1.873836037,,288.0621361,0.07120064075,-0.01974249108,-0.2553222482
813.275,1.40647392,0.1748966997,-32.42826416,2.726114546,-1.875829347,,288.0365263,0.07001724825,-0.02011708977,-0.2556142101
813.375,1.407589338,0.1748501846,-32.42343713,2.733122001,-1.87786029,,288.010887,0.06882594467,-0.02049560084,-0.2559116669
813.475,1.408714078,0.1748031634,-32.41854782,2.740009529,-1.879929278,,287.9852177,0.06761776989,-0.02087845393,-0.2562143929
813.575,1.409855513,0.1747557763,-32.41360009,2.746775504,-1.882036758,,287.9595178,0.0663933392,-0.02126582419,-0.2565225523
813.675,1.41101964,0.1747080851,-32.4085904,2.753417768,-1.884183173,,287.933787,0.06514268635,-0.02165755778,-0.2568360816
813.775,1.412190467,0.1746600127,-32.40352022,2.759934272,-1.886368959,,287.9080245,0.06387507517,-0.02205359854,-0.2571554527
813.875,1.413383072,0.1746116013,-32.3983875,2.766322965,-1.888594538,,287.8822297,0.06258603628,-0.02245378889,-0.2574806401
813.975,1.414580815,0.1745627436,-32.39319604,2.772581995,-1.890860323,,287.8564022,0.06127935779,-0.02285809955,-0.2578117748
814.075,1.415797705,0.1745134703,-32.38789271,2.778710122,-1.893166698,,287.8305413,0.05996916392,-0.02326578254,-0.2581490239
814.175,1.41702118,0.1744635728,-32.38257398,2.784706386,-1.895514016,,287.8046464,0.05863917412,-0.0236774969,-0.2584915725
814.275,1.418257758,0.174413424,-32.37722523,2.790568912,-1.897902703,,287.778717,0.05729320137,-0.02409351855,-0.2588396172
814.375,1.419511789,0.1743631427,-32.37183051,2.796295373,-1.900333168,,287.7527526,0.05591636992,-0.02451331807,-0.2591928701
814.475,1.420768476,0.1743126734,-32.36638589,2.801883672,-1.902805769,,287.7267526,0.0545286779,-0.02493650499,-0.2595520878
814.575,1.422042097,0.1742620748,-32.36089071,2.807332235,-1.905320827,,287.7007163,0.05312004072,-0.02536269515,-0.2599168971
814.675,1.698489583,0.1746088236,-32.33855862,2.785120874,-1.907993073,,287.6755361,-0.9477357601,-0.0277435271,-0.2310687009
814.775,1.524719704,0.1782476732,-30.50561334,2.638024723,-1.90993868,,287.6527988,-1.873778022,-0.00424771158,-0.2326254047
814.875,1.407546666,0.1714634145,-28.75133568,2.447486403,-1.90869631,,287.6278282,-1.833029228,0.03086848311,-0.2702769368
814.975,1.394370415,0.1578217215,-27.86394559,2.280116889,-1.904585024,,287.5991413,-1.474925418,0.04888109648,-0.3017978087
815.075,1.425930293,0.1437429258,-27.67383826,2.147532587,-1.899743252,,287.56824,-1.177718774,0.04435576582,-0.3121766274
815.175,1.457438966,0.1327970074,-27.80279908,2.037448154,-1.89606877,,287.5372181,-1.038395122,0.02640495228,-0.3037859202
815.275,1.474065825,0.1258673801,-27.97847818,1.935373331,-1.894369908,,287.5075992,-1.015833474,0.006289282625,-0.2845719982
815.375,1.477135913,0.1225286801,-28.08959462,1.832815608,-1.894486234,,287.4801218,-1.042064925,-0.00866715705,-0.2615959402
815.475,1.343789058,0.1224038695,-28.05902997,1.733595783,-1.895712215,,287.4547316,-0.7731409203,-0.01466502177,-0.2483730374
815.575,1.292915304,0.121538154,-28.82307512,1.699332085,-1.897364638,,287.429772,0.2217475059,-0.0209599742,-0.2478862096
815.675,1.371999207,0.1261260556,-30.37386017,1.743623767,-1.900378542,,287.4062951,0.6349978982,-0.04140536018,-0.2158489028
815.775,1.290095316,0.1383870693,-31.81548141,1.831369118,-1.905268611,,287.3858039,1.213091893,-0.05646506277,-0.1925883834
815.875,1.370542254,0.1374439646,-33.56286774,1.970910005,-1.918819347,,287.3681642,1.55603192,-0.2122736201,-0.1549865933
815.975,1.440329372,0.1744815396,-34.93087119,2.122557467,-1.942671174,,287.3544305,1.399066914,-0.2554806462,-0.1172114566
816.075,1.429890345,0.2049731648,-35.52944374,2.247770203,-1.967994337,,287.3436006,1.080447236,-0.2438253643,-0.1014661005
816.175,1.393632309,0.2300103996,-35.60057962,2.344455009,-1.990807589,,287.333031,0.8571244847,-0.2069217899,-0.114002645
816.275,1.363377371,0.2483323934,-35.46861314,2.425250748,-2.009525508,,287.3201337,0.7697704702,-0.1641170348,-0.1482551329
816.375,1.348094222,0.2596836439,-35.33434624,2.501768984,-2.024207611,,287.3031922,0.7681966052,-0.1283905805,-0.1942592261
816.475,1.530400739,0.2643669521,-35.33179052,2.567944993,-2.035963681,,287.2818579,0.2960113294,-0.1076013469,-0.2273022777
816.575,1.423849037,0.2667516938,-34.21361844,2.558052254,-2.045885452,,287.2576343,-0.4232088881,-0.08779275517,-0.2660012771
816.675,1.334441796,0.258165343,-32.99497416,2.510896725,-2.053748854,,287.2281143,-0.446262078,-0.07027745403,-0.3290541209
816.775,1.327336208,0.2410520982,-32.33826455,2.476212386,-2.060705,,287.1925176,-0.217850367,-0.07309752749,-0.3828006964
816.875,1.352580902,0.221085889,-32.16790524,2.464626143,-2.069020094,,287.1525718,-0.01311329541,-0.09848513354,-0.413212977
816.975,1.379267444,0.2021495305,-32.23373369,2.468866818,-2.080600943,,287.1106885,0.08818535654,-0.1377237147,-0.420282603
817.075,1.396528541,0.1861865029,-32.34349466,2.479118794,-2.096328207,,287.0689624,0.1075284014,-0.1800336595,-0.4096829181
817.175,1.404628558,0.1739987264,-32.41286547,2.489273228,-2.116109632,,287.0288646,0.09012454219,-0.2173796666,-0.387743706
817.275,1.594848778,0.1498999589,-32.17781069,2.457078924,-2.146638259,,286.9930758,-0.8386943656,-0.3887243826,-0.3224493625
817.375,1.481708236,0.1627330371,-30.71147846,2.334213195,-2.188023444,,286.9630001,-1.529377573,-0.4269019731,-0.2826170587
817.475,1.396656803,0.1630546845,-29.32729223,2.179782361,-2.230196297,,286.9351177,-1.478737309,-0.4118447796,-0.2755441072
817.575,1.384216829,0.1598446879,-28.63995377,2.044873369,-2.270382044,,286.9076737,-1.18920546,-0.3909252669,-0.2706425244
817.675,1.405693102,0.1589392849,-28.50282694,1.937837427,-2.308756918,,286.881083,-0.9528478876,-0.3763869181,-0.2574659789
817.775,1.426140495,0.1623774584,-28.61394242,1.848651653,-2.345878903,,286.8561095,-0.8424626557,-0.3651639104,-0.2388561224
817.875,1.434229389,0.1696560419,-28.7593625,1.765848518,-2.381817171,,286.8329928,-0.823645873,-0.3518020074,-0.2215044341
817.975,1.431552205,0.1792430605,-28.85335334,1.682808574,-2.416209807,,286.8113468,-0.8424424094,-0.333734927,-0.210587005
818.075,1.423380907,0.1895521873,-28.89235965,1.597597517,-2.448595827,,286.7904041,-0.8634606635,-0.3116453961,-0.2082840019
818.175,1.413957887,0.1993418833,-28.90154467,1.510735061,-2.478677339,,286.7692988,-0.8739217826,-0.2879784403,-0.2143493162
818.275,1.330056729,0.1807989211,-28.83213128,1.424180412,-2.509605667,,286.7473943,-0.77545784,-0.3761757521,-0.2246878265
818.375,1.37720668,0.2082651419,-29.13966718,1.35879404,-2.550287752,,286.7242284,-0.5593607993,-0.4282389458,-0.2364878374
818.475,1.397113164,0.2218892303,-29.47230914,1.304834036,-2.5935556,,286.7002234,-0.5407773148,-0.4339215801,-0.2428513138
818.575,1.395424593,0.2316585077,-29.66660229,1.248550232,-2.636649303,,286.6754909,-0.5945048757,-0.4260700456,-0.2521952426
818.675,1.384105842,0.2390237086,-29.73317784,1.186638202,-2.678715443,,286.6495634,-0.6455428685,-0.4139666356,-0.267283844
818.775,1.371818785,0.2439366446,-29.73522024,1.120785004,-2.719553981,,286.6218984,-0.6703309616,-0.4021347093,-0.28694235
818.875,1.362123288,0.2464578339,-29.72380399,1.053542236,-2.75933344,,286.5921579,-0.6733268038,-0.3933826451,-0.3084805558
818.975,1.355149878,0.2469095681,-29.72210678,0.9865564671,-2.798433551,,286.5602771,-0.6661702277,-0.3890128385,-0.3293186286
819.075,1.090445305,0.2896804383,-29.58644855,0.9331979898,-2.836711996,,286.525765,-0.05742094643,-0.3282361006,-0.378832266
819.175,1.120005653,0.2777801979,-31.06398417,0.994778733,-2.860731294,,286.4839917,1.278938337,-0.1271255873,-0.4523828462
819.275,1.317607343,0.2448351556,-33.31822885,1.146696062,-2.870093421,,286.4379558,1.610861296,-0.08000059718,-0.4572781181
819.375,1.370137394,0.2412370101,-34.76047432,1.295614455,-2.879049853,,286.3932647,1.292118152,-0.1037546005,-0.4326093661
819.475,1.346287821,0.245275097,-35.27221369,1.406352591,-2.890527583,,286.3508015,0.9062535826,-0.1251498912,-0.4168075665
819.575,1.305802829,0.2484054198,-35.24460389,1.485085381,-2.903490944,,286.3091348,0.678773757,-0.1327804277,-0.4177223924
819.675,1.277801858,0.2484726439,-35.05710399,1.5488624,-2.916824486,,286.266828,0.6106644602,-0.1334256523,-0.4289993315
819.775,1.266528313,0.2460696133,-34.9087346,1.610385976,-2.930192258,,286.2232425,0.6278988139,-0.1343721729,-0.4422777013
819.875,1.265732781,0.2424639872,-34.8461864,1.674994028,-2.94380158,,286.1784492,0.6661682605,-0.1387018117,-0.4523489296
819.975,1.26859982,0.2386963068,-34.84413785,1.74309845,-2.957994866,,286.1328691,0.694398527,-0.1460688102,-0.4575626794
820.075,1.271295934,0.2353895617,-34.86535823,1.81328819,-2.972999035,,286.0869759,0.7069521379,-0.1547010676,-0.4584278519
820.175,1.2726686,0.2328486727,-34.88612361,1.884203944,-2.988856148,,286.0411477,0.709252798,-0.1628360712,-0.4562341142
820.275,1.272987742,0.2311984892,-34.89829105,1.955134177,-3.005457159,,285.9956295,0.7078306271,-0.1693013969,-0.452276103
820.375,1.272818513,0.230467926,-34.90279597,2.02590889,-3.022605318,,285.9505474,0.7065351788,-0.1735467005,-0.4476032096
820.475,1.272593838,0.2306209137,-34.90314308,2.096610902,-3.040071153,,285.9059342,0.7065120843,-0.175473543,-0.4430230046
820.575,1.272475798,0.2315617113,-34.90209922,2.167360319,-3.057629448,,285.8617505,0.7074622964,-0.1752653323,-0.4391610858
820.675,1.272513448,0.2331397963,-34.90091216,2.238224632,-3.075081835,,285.8179017,0.7087338784,-0.1732760284,-0.4364923464
820.775,1.272717359,0.2351625005,-34.89973699,2.309210745,-3.092270566,,285.7742524,0.7098263961,-0.1699641482,-0.435337714
820.875,1.273091175,0.2374152861,-34.89827801,2.380289049,-3.109086764,,285.7306425,0.7105236385,-0.1658460734,-0.4358530034
820.975,1.273697646,0.2396851854,-34.89618791,2.451416457,-3.125474151,,285.6869045,0.7107732424,-0.1614509691,-0.4380243526
821.075,1.274578477,0.2417815909,-34.89322812,2.522549404,-3.141428254,,285.6428791,0.7106043893,-0.1572756923,-0.4416849152
821.175,1.275807171,0.243552887,-34.8892588,2.593647614,-3.156991207,,285.5984298,0.7100532747,-0.153743174,-0.4465465739
821.275,1.562520488,0.286947978,-35.10121365,2.656510805,-3.171748293,,285.5538805,0.2080981911,-0.09389291974,-0.4281381434
821.375,1.354647247,0.2586173046,-33.82353431,2.633438882,-3.174454684,,285.5118868,-0.5633972627,0.0302123553,-0.4223041074
821.475,1.266231875,0.243967807,-32.55956432,2.572448889,-3.168761833,,285.4679475,-0.5807141133,0.08044730769,-0.4613372194
821.575,1.260675518,0.2288617756,-31.88513225,2.524733561,-3.159826527,,285.4198407,-0.3436855465,0.09450537469,-0.5004840998
821.675,1.438513323,0.2129536573,-31.86471443,2.49908729,-3.150706005,,285.3687134,-0.3333711264,0.08323656473,-0.5097915316
821.775,1.358834006,0.1590953875,-31.32315401,2.447347415,-3.143756609,,285.3185093,-0.6577461831,0.007169369129,-0.4931994463
821.875,1.365388502,0.136724138,-30.67191779,2.366398384,-3.160452401,,285.2710482,-0.9373005457,-0.3716885027,-0.4501864838
821.983,1.332583003,0.174414264,-30.01992805,2.272549083,-3.205834801,,285.2275333,-0.9038467693,-0.5154495741,-0.4176395007
822.083,1.329322255,0.1856001854,-29.68909382,2.181940694,-3.263762001,,285.1837808,-0.7564994383,-0.5461500662,-0.386473421
822.183,1.338447015,0.1497486485,-29.64646481,2.111624591,-3.318828929,,285.1464172,-0.651798155,-0.6001429395,-0.3548442031
822.283,1.448905294,-0.2422121737,-29.39812926,2.009759322,-3.494701884,,285.1213734,-1.412514334,-3.302216533,-0.09621457223
822.383,1.329373184,0.1516204646,-28.33400326,1.855912836,-3.886762021,,285.1229966,-1.595844016,-4.36687905,0.1335754966
822.483,1.272320244,0.3172051294,-27.62243139,1.701861815,-4.333794987,,285.1436719,-1.446730614,-4.510997993,0.279226817
822.583,1.247867641,0.4307565939,-27.35592037,1.566913451,-4.780335001,,285.1753784,-1.241655709,-4.387005133,0.3491856093
822.683,1.229752787,0.5337053287,-27.37151013,1.449943515,-5.210005252,,285.2108192,-1.101516108,-4.1829553,0.3489016841
822.783,1.206914889,0.6306108325,-27.49180996,1.343245224,-5.618145117,,285.243167,-1.03983652,-3.961208004,0.2828064274
822.883,1.179345988,0.7168022923,-27.61386457,1.240118313,-6.004427503,,285.2661401,-1.028841334,-3.750313876,0.1581661268
822.983,1.151448203,0.7867290515,-27.7046598,1.136880251,-6.370826482,,285.2743983,-1.040063636,-3.568506404,-0.01293846897
823.083,0.9951846918,0.5250589261,-27.72482026,1.038654575,-6.739045389,,285.2642436,-0.7526096493,-4.224631027,-0.2021952108
823.183,0.9434834174,0.6646199683,-28.32044462,0.9892392325,-7.213288271,,285.2366759,-0.1174098445,-5.297642118,-0.3646128193
823.283,1.015094681,0.8042925829,-29.57778526,1.004088936,-7.778623545,,285.1939213,0.4150052542,-5.981769077,-0.4948842816
823.383,0.9322923499,0.8682438758,-30.95904719,1.073772913,-8.394765985,,285.1374451,1.090380483,-6.394242218,-0.6530291404
823.483,0.9835330488,0.9542110833,-32.67580726,1.198159151,-9.046908688,,285.0666716,1.381563695,-6.657297123,-0.7666369101
823.583,0.8214463987,0.9796587148,-33.85002216,1.33896029,-9.720870613,,284.9854654,1.615025881,-6.886659636,-0.8945519244
823.683,0.8590261044,1.07189022,-35.48855856,1.536420563,-10.43197397,,284.8857435,2.328902313,-7.340990359,-1.104884165
823.783,0.7999886723,1.13123065,-37.21089305,1.792999291,-11.19143634,,284.7667945,2.878509912,-7.860154469,-1.294915114
823.883,0.9466963008,1.224516449,-39.07289776,2.090006156,-11.98621082,,284.6300701,2.945193774,-8.045773464,-1.42656328
823.983,0.9305750697,1.351803468,-40.19694171,2.382671447,-12.79563415,,284.4806132,2.863423318,-8.109231074,-1.568939784
824.083,0.8959854598,1.437504792,-40.918003,2.669844103,-13.6040365,,284.3141547,2.855563543,-8.043458762,-1.773081427
824.183,0.904377672,1.502791399,-41.38477174,2.947849685,-14.40430198,,284.1276645,2.677355731,-7.953017912,-1.969886509
824.283,0.8867511964,1.551470821,-41.50938869,3.206563059,-15.19578357,,283.9207586,2.489414283,-7.87214681,-2.186281872
824.383,1.002170044,1.703750293,-41.52060395,3.442408478,-15.96432013,,283.6919351,2.058583658,-7.403924393,-2.369404043
824.483,0.9969903984,1.664833191,-40.75034295,3.610799461,-16.68494068,,283.4509131,1.274113387,-7.002288224,-2.462656338
824.583,0.9230380123,1.609884035,-39.2083983,3.692134016,-17.36645746,,283.2035891,0.4207729015,-6.661134037,-2.523619091
824.683,0.8860735294,1.629810525,-37.39240872,3.702030583,-18.0072685,,282.9467746,-0.1528015838,-6.087571173,-2.657855656
824.783,0.9162971016,1.747842719,-35.77584743,3.669109826,-18.56334354,,282.671552,-0.5321061662,-4.755821678,-2.874726816
824.883,0.8757376239,1.60601189,-34.48041777,3.614325383,-18.98353661,,282.3690442,-0.5044990429,-3.53367924,-3.219527184
824.983,0.9204328466,1.299921195,-33.94488995,3.572327765,-19.31171017,,282.031804,-0.3184287874,-3.143285766,-3.529502921
825.083,0.9906754671,1.167295142,-33.86334997,3.547101594,-19.62909285,,281.6699075,-0.191978351,-3.207262576,-3.697870958
825.183,1.057576231,1.180734827,-33.93544763,3.529463806,-19.92272365,,281.295694,-0.1742099035,-2.524856954,-3.782921366
825.283,1.109014763,0.9217801659,-34.03086075,3.510806775,-20.16069677,,280.9168996,-0.2036642347,-2.32057982,-3.77382569
825.383,0.9623260631,0.900378199,-33.96114339,3.500225674,-20.39367146,,280.5388906,0.2369532321,-2.233416444,-3.863929026
825.483,1.010587029,0.8038531126,-35.13510175,3.579005528,-20.59565375,,280.1363643,1.366967361,-1.822263089,-4.176715905
825.583,1.223653628,0.8062358487,-36.98556811,3.732789176,-20.75501691,,279.7183058,1.591681252,-1.221723381,-4.133344275
825.683,1.451613251,0.7286873575,-38.25391015,3.880016683,-20.84917649,,279.3146108,1.144088909,-0.6242851285,-3.85410804
825.783,1.33685791,0.6518393793,-37.98116661,3.957891436,-20.89623836,,278.9474082,0.4536897891,-0.3108582839,-3.500198161
825.883,1.335792433,0.665793986,-37.30606404,3.990855356,-20.91716649,,278.605617,0.1764235789,-0.03440643567,-3.321977674
825.983,1.255820134,0.57841576,-36.44141916,3.999579104,-20.905895,,278.2791951,0.05145330359,0.2266593024,-3.221696625
826.083,1.274170344,0.5862732403,-35.75037115,3.996795288,-20.86425373,,277.9614783,-0.08724479286,0.595108789,-3.139311821
826.183,1.506611489,0.5220831908,-34.74183283,3.931546481,-20.80001635,,277.6702732,-1.385557664,0.6379292756,-2.621607616
826.283,1.287847668,0.5161209062,-32.42815702,3.767860935,-20.74326688,,277.4181996,-1.745977924,0.5077757164,-2.472724619
826.383,1.237178766,0.5278135509,-30.90621699,3.604328785,-20.69339469,,277.1672873,-1.451321073,0.4974976151,-2.569413853
826.483,1.264466607,0.5276036301,-30.33953186,3.477398823,-20.64301547,,276.9045292,-1.07057689,0.5112829195,-2.687283757
826.583,1.304451516,0.5278925535,-30.34377491,3.382777694,-20.59127007,,276.6325326,-0.8320513665,0.5239268691,-2.744820727
826.683,1.3304852,0.5316472001,-30.53162117,3.30455808,-20.5383164,,276.3575891,-0.7474466811,0.5361890296,-2.745739771
826.783,1.33944382,0.5211613179,-30.69260584,3.23029147,-20.49130825,,276.0844329,-0.7480740125,0.4076905613,-2.710491352
826.883,1.262524978,0.5020473372,-30.69426087,3.155109179,-20.45261751,,275.8147443,-0.6832530838,0.3261687593,-2.706710396
826.983,1.308200296,0.5480028998,-30.99882306,3.097039978,-20.4258116,,275.5416275,-0.5034301374,0.2276125943,-2.744048238
827.083,1.32591601,0.5708318291,-31.29885727,3.048004218,-20.40370582,,275.2676709,-0.4962257447,0.2214771647,-2.727805042
827.183,1.324766529,0.5874862983,-31.45927636,2.996121037,-20.38066414,,274.996026,-0.5505495524,0.2434156209,-2.702785652
827.283,1.240321791,0.473421239,-31.4394698,2.939418106,-20.35652125,,274.7261113,-0.5074096199,0.09902871693,-2.717676746
827.383,1.283280331,0.5802570866,-31.70818674,2.898830201,-20.36381002,,274.451583,-0.3282227605,-0.2009921509,-2.762630666
827.483,1.300207487,0.6205810582,-31.98964436,2.867476909,-20.38757753,,274.1753221,-0.3170494127,-0.2602067369,-2.756259943
827.583,1.298937312,0.6429301629,-32.14531371,2.833669172,-20.41347,,273.9003855,-0.3681118813,-0.2515518997,-2.740832316
827.683,1.290451529,0.6587567575,-32.18820904,2.79442674,-20.43743685,,273.6264984,-0.4195525861,-0.2244449789,-2.738242265
827.783,1.282067182,0.6702791381,-32.17505115,2.75088471,-20.45852697,,273.3520795,-0.4517624538,-0.195531563,-2.752523254
827.883,1.276565165,0.6777997513,-32.15066558,2.704935984,-20.47692065,,273.0756319,-0.4676830836,-0.1716757976,-2.778648423
827.983,1.273980414,0.6814697246,-32.13506126,2.657811994,-20.49327999,,272.796295,-0.4759959336,-0.1557827235,-2.809622988
828.083,1.273354733,0.6816261463,-32.13059149,2.609955603,-20.50844827,,272.5138553,-0.4828877411,-0.1485705613,-2.839913634
828.183,1.273809408,0.6788096445,-32.13252542,2.561379957,-20.52327323,,272.2285527,-0.4905285343,-0.1494070039,-2.866146014
828.283,1.274766259,0.6737188078,-32.13590886,2.512016328,-20.53849864,,271.9408816,-0.4984823825,-0.1568516111,-2.886631012
828.383,1.275931059,0.6671515024,-32.13803651,2.461890877,-20.55470189,,271.6514523,-0.5054680998,-0.1690323449,-2.900733641
828.483,1.277118696,0.6599345855,-32.1382917,2.411151764,-20.57226372,,271.3609072,-0.5104563927,-0.1839121823,-2.908459228
828.583,1.27814075,0.6528536072,-32.13722557,2.360024776,-20.59136145,,271.0698657,-0.512991457,-0.199491345,-2.910281242
828.683,1.278831051,0.6465865778,-32.13568065,2.308754949,-20.61198024,,270.7788821,-0.5131520647,-0.213967174,-2.907052746
828.783,1.279002369,0.6416531517,-32.13438787,2.25756405,-20.63393903,,270.4884099,-0.5113225331,-0.2258638775,-2.8999432
828.883,1.278537759,0.6383860174,-32.13386456,2.206627534,-20.6569277,,270.1987756,-0.5080291519,-0.2341215867,-2.890326222
828.983,1.277344304,0.6369219697,-32.13445823,2.156066219,-20.68055104,,269.9101636,-0.5038331512,-0.2381415445,-2.879641489
829.083,1.275416803,0.6372143103,-32.1363938,2.105946126,-20.70437527,,269.6226169,-0.4992549431,-0.2377854758,-2.869259209
829.183,1.272804123,0.6390598461,-32.13980654,2.056282973,-20.72797235,,269.3360498,-0.4947735299,-0.2333313541,-2.860345389
829.283,1.269580392,0.6421373624,-32.14475871,2.007049859,-20.7509584,,269.0502718,-0.4907501339,-0.2253978704,-2.853792476
829.383,1.265878518,0.6460527052,-32.15123307,1.958187125,-20.77302325,,268.7650187,-0.4874672639,-0.2148436975,-2.850149553
829.483,1.261814482,0.6503816401,-32.15909129,1.909613209,-20.7939496,,268.4799871,-0.4850638794,-0.2026602246,-2.849632196
829.583,1.257541508,0.6547168608,-32.16819672,1.861238462,-20.8136214,,268.1948666,-0.4835631108,-0.1898652631,-2.852133408
829.683,1.253167573,0.6587070053,-32.17846847,1.812974067,-20.83202141,,267.9093712,-0.4829160045,-0.1773960969,-2.857267906
829.783,1.248804658,0.662073605,-32.18965673,1.764740704,-20.84921976,,267.6232627,-0.4829743225,-0.1660400385,-2.864456684
829.883,1.244507448,0.6646312358,-32.20152439,1.71647753,-20.86535635,,267.336367,-0.4835136574,-0.1563808718,-2.873005177
829.983,1.240326491,0.6662938492,-32.21387416,1.668148598,-20.88061896,,267.0485816,-0.4842658456,-0.1487704036,-2.882180983
830.083,1.236280751,0.6670698829,-32.22655398,1.619744478,-20.89521965,,266.7598767,-0.4849722065,-0.1433243417,-2.89127834
830.183,1.048560083,0.8201746893,-32.1560299,1.582096074,-20.89622741,,266.4654053,-0.03009789648,0.3578358881,-3.104103816
830.283,1.18727101,0.6966748109,-33.18009008,1.604528282,-20.83936735,,266.1430011,0.4052808918,0.7224316873,-3.314679791
830.383,1.249221772,0.6706013525,-34.0947904,1.645841717,-20.75593628,,265.8093904,0.3690764862,0.9252784672,-3.339101909
830.483,1.257830944,0.6329501766,-34.56513461,1.674756147,-20.66172236,,265.4771155,0.1880472664,0.944877818,-3.298205505
830.583,1.245712659,0.6078613745,-34.67405039,1.686247212,-20.56861376,,265.1492073,0.04029885931,0.9105237843,-3.257664199
830.683,1.233821434,0.584963412,-34.6155382,1.686645907,-20.47969288,,264.824645,-0.02664745711,0.8631074496,-3.232205133
830.783,1.229144231,0.5631443559,-34.53044896,1.683463459,-20.39564874,,264.5022302,-0.03154177583,0.8138198473,-3.213181856
830.883,1.230332636,0.543694505,-34.47749083,1.681378511,-20.31643713,,264.1818598,-0.007184992619,0.7673320269,-3.189491588
830.983,1.235884847,0.7389335594,-34.43956104,1.681943839,-20.23051345,,263.8637415,0.01364978058,1.2346785,-3.183521507
831.083,1.241121851,0.5628391928,-34.47201162,1.68385944,-20.07841759,,263.5443365,0.02368048693,1.733697813,-3.201719894
831.183,1.248568348,0.5590522966,-34.49934473,1.686382168,-19.88114032,,263.2229896,0.02343647401,2.231653031,-3.226780094
831.283,1.255985853,0.4707000863,-34.53556034,1.688829585,-19.64936857,,262.8996654,0.02377155226,2.37105562,-3.235058229
831.383,1.263601774,0.4226349402,-34.55800483,1.691491037,-19.41239623,,262.5766094,0.02850784467,2.354701731,-3.219668469
831.483,1.270861577,0.386725977,-34.56884288,1.694920408,-19.17944969,,262.2560981,0.03998168486,2.296536397,-3.182887462
831.583,1.277361353,0.3570253486,-34.57250399,1.699830829,-18.95277818,,261.940117,0.05868405866,2.231906505,-3.12823718
831.683,1.283696632,0.4621520631,-34.55953643,1.706871566,-18.73077186,,261.6301895,0.08037471295,2.348713686,-3.068490835
831.783,1.288214861,0.3456057486,-34.57338024,1.715911642,-18.47967497,,261.3252517,0.1009498059,2.628081224,-3.023416372
831.883,1.292545354,0.3007961934,-34.58573052,1.727217021,-18.21393532,,261.0253071,0.1250320682,2.672854476,-2.967999081
831.983,1.295818279,0.2780450188,-34.59728104,1.740968995,-17.94705593,,260.7312934,0.1497896765,2.66005637,-2.904686055
832.083,1.334586082,0.2644037328,-34.49676723,1.744648891,-17.68196208,,260.4478169,-0.08356796798,2.641628124,-2.757058165
832.183,1.299500269,0.2560114935,-34.15703058,1.733227531,-17.41828416,,260.1762019,-0.1226178812,2.632683607,-2.676237713
832.283,1.364561293,0.2494863023,-34.00851292,1.722902976,-17.15514599,,259.9110362,-0.1505167594,2.630937077,-2.600250513
832.383,1.311932126,0.2470807179,-33.62726107,1.700279378,-16.89180913,,259.656141,-0.2745033305,2.637848819,-2.501855547
832.483,1.289915625,0.2456115931,-33.31726177,1.67411092,-16.62745277,,259.4080492,-0.2315825037,2.650744116,-2.46049764
832.583,1.286953598,0.2446687682,-33.18146862,1.655046278,-16.36175331,,259.1631054,-0.1442285133,2.664129896,-2.435421752
832.683,1.290218246,0.2443545705,-33.17416748,1.644173914,-16.09478875,,258.9206978,-0.07468849343,2.675811981,-2.408189876
832.783,1.292615982,0.2443923749,-33.22108444,1.638805591,-15.82674111,,258.6812544,-0.03631774791,2.685713986,-2.376046049
832.883,1.291931852,0.2010086638,-33.2771098,1.636166511,-15.55829949,,258.4451575,-0.01900700579,2.635503714,-2.3393971
832.983,1.288076151,0.1020799803,-33.32402303,1.635008891,-15.31224284,,258.213807,-0.004052153424,2.158703057,-2.273700782
833.083,1.28273415,0.2152162607,-33.32838892,1.635408886,-15.11636901,,257.990115,0.01117955905,1.809201259,-2.194431823
833.183,1.275287807,0.2555418221,-33.32986069,1.637332399,-14.93977114,,257.7736678,0.02719983376,1.739624057,-2.130678799
833.283,1.267333158,0.2776217375,-33.33496394,1.64091594,-14.76562942,,257.5628139,0.04407025063,1.750867545,-2.083995553
833.383,1.44218367,-0.2085656681,-33.46710174,1.635052946,-14.62674005,,257.3609448,-0.4085121005,0.4133441126,-1.846980105
833.483,1.287453032,0.1346934471,-32.42223051,1.569093222,-14.65836772,,257.1910307,-0.8335813848,-0.9597977451,-1.559668019
833.583,1.210338973,0.2987883047,-31.49249225,1.486267746,-14.77866562,,257.0416017,-0.7690567367,-1.408976751,-1.437022196
833.683,1.18374482,0.4364187212,-31.0288466,1.418997754,-14.92632368,,256.9000879,-0.5558480236,-1.494892691,-1.39930508
833.783,1.173437811,0.5262826195,-30.94394684,1.372065407,-15.07150563,,256.7599707,-0.3833417033,-1.384481204,-1.408447224
833.883,1.161568363,0.6015663006,-31.03944213,1.338249595,-15.20280704,,256.6174161,-0.3016690169,-1.225659024,-1.449991296
833.983,1.144052747,0.6665624048,-31.17004316,1.309023525,-15.31795887,,256.4692706,-0.2919764177,-1.06606901,-1.522961674
834.083,1.123823349,0.718819209,-31.27255936,1.27878382,-15.41792914,,256.3124163,-0.3197866633,-0.9260866562,-1.626032638
834.183,1.105189002,0.7555739119,-31.33848302,1.24505296,-15.5052542,,256.1441107,-0.3598030077,-0.8172273937,-1.752312899
834.283,1.091075155,0.7755340341,-31.38007121,1.207265963,-15.58338072,,255.9625372,-0.3997622068,-0.7459587125,-1.890199986
834.383,1.082544293,0.7791601762,-31.40987565,1.165649837,-15.65619432,,255.7671423,-0.4358077277,-0.7142511257,-2.026444728
834.483,1.079242544,0.7684356525,-31.43423758,1.120639088,-15.72758304,,255.5586608,-0.4672085546,-0.7199211608,-2.149010949
834.583,1.080122543,0.7464649216,-31.45441052,1.072715218,-15.80105181,,255.3389064,-0.4935131333,-0.7573529654,-2.248795139
834.683,1.007044144,0.6739751527,-31.39625557,1.023278588,-15.87995086,,255.1102219,-0.4163740005,-0.8773926481,-2.34492487
834.783,0.9706974762,0.716936722,-31.82288432,1.010988752,-15.97690655,,254.8657112,0.2384648515,-1.009630488,-2.56080818
834.883,1.039963294,0.6626707392,-32.98085245,1.06110155,-16.07778909,,254.6019221,0.7031127212,-1.028916879,-2.689927767
834.983,1.110050809,0.6344841179,-34.0461484,1.131572721,-16.18415176,,254.3340718,0.6469902917,-1.106484637,-2.64375009
835.083,1.114986292,0.6203812495,-34.55029775,1.186730396,-16.29816868,,254.074149,0.4353602475,-1.175593436,-2.543563565
835.183,1.094727188,0.6146921213,-34.63298631,1.222197689,-16.41792406,,253.8239288,0.2759449697,-1.218362659,-2.457016294
835.283,1.074019247,0.6151124997,-34.5381258,1.246255461,-16.540754,,253.5809707,0.2139405708,-1.235852048,-2.400992654
835.383,1.060630492,0.6207909401,-34.43081289,1.267538159,-16.66439004,,253.3424106,0.2186072938,-1.233858026,-2.369420488
835.483,1.053040083,0.6311075832,-34.37292902,1.290712012,-16.78713878,,253.1062554,0.2477792653,-1.217676264,-2.352846616
835.583,1.047528015,0.6451056798,-34.36313053,1.316845876,-16.90777397,,252.8712871,0.2748129758,-1.191316734,-2.346045444
835.683,1.041667459,0.6614334236,-34.37961797,1.34518174,-17.0254347,,252.6365998,0.2903878683,-1.158156948,-2.348008065
835.783,1.034775125,0.6785373238,-34.40368556,1.374554179,-17.13959232,,252.4012895,0.2951656777,-1.121519307,-2.359420484
835.892,1.027298148,0.6949096835,-34.42600101,1.404051138,-17.25005376,,252.1643891,0.2929185693,-1.08477456,-2.380574527
835.992,1.019435607,0.7103713591,-34.44589668,1.435521795,-17.3657158,,251.9048658,0.286233495,-1.048498781,-2.413306145
836.092,1.013046145,0.7216019836,-34.46132778,1.463822454,-17.46925589,,251.6618174,0.2780389035,-1.02102145,-2.450229467
836.192,1.007848899,0.7294319677,-34.47512489,1.491248763,-17.57038326,,251.4148908,0.2687485683,-1.001078424,-2.490676326
836.292,1.003913603,0.7337920518,-34.48770746,1.517715699,-17.66989392,,251.1638684,0.2588825241,-0.9894280521,-2.531734694
836.392,1.001180187,0.7349547151,-34.4989034,1.543188476,-17.76861735,,250.9088118,0.248955438,-0.9859205703,-2.570812952
836.492,0.9994606459,0.7334609586,-34.50836789,1.567687602,-17.86733121,,250.650017,0.2395549156,-0.9896337714,-2.605884716
836.592,0.9985454734,0.7300347783,-34.51587479,1.591290929,-17.96669269,,250.3879528,0.2312152423,-0.9990675227,-2.635588821
836.692,0.9981623763,0.7254881822,-34.5213786,1.614124667,-18.06719087,,250.123192,0.2243503881,-1.0123681,-2.659265445
836.792,0.9980748545,0.720636366,-34.52510675,1.636348701,-18.16912186,,249.8563425,0.2191863831,-1.027555031,-2.676913198
836.892,0.8096949281,0.5993790636,-34.7768818,1.694506381,-18.28732899,,249.5769848,1.134137156,-1.485225202,-2.956525306
836.992,0.9375901966,0.6905198342,-36.30408975,1.844801512,-18.45447575,,249.2717485,1.78202695,-1.821516804,-3.111124733
837.092,1.034255158,0.8640653902,-37.68300435,2.023715007,-18.64082332,,248.9627686,1.715115517,-1.74479091,-3.046900793
837.192,1.039515362,0.8426436149,-38.34929549,2.182059061,-18.78684172,,248.661507,1.421594887,-1.16456068,-2.976614235
837.292,1.010564237,0.802746505,-38.46947293,2.312578477,-18.89112287,,248.365402,1.188309585,-0.9436999801,-2.95092868
837.392,1.217722318,0.9283522379,-38.56665347,2.422862489,-18.97991416,,248.0702226,0.7864773725,-0.6895785903,-2.886169596
837.492,1.166849342,0.9334295503,-37.56040746,2.458434456,-19.01945961,,247.7906984,-0.1598484792,-0.04843624743,-2.692499204
837.592,1.019191177,0.8110557409,-35.72419891,2.405207076,-19.00298721,,247.5271154,-0.8017322968,0.3283020675,-2.624898483
837.692,0.9756380054,0.7468282661,-34.07984325,2.313725568,-18.96510711,,247.2623529,-0.9543379829,0.4089739782,-2.699363125
837.792,0.958847678,0.6912964468,-33.04422335,2.228120949,-18.92497398,,246.9848626,-0.7099866658,0.3787164504,-2.863835218
837.892,0.9970325656,0.6374404373,-32.72315161,2.170266738,-18.89062158,,246.6922736,-0.4400060972,0.2952861507,-2.983126054
837.992,1.041174224,0.5888209505,-32.78025897,2.134455888,-18.86582498,,246.3917156,-0.2854662664,0.1903796429,-3.015381698
838.092,1.071915527,0.5489913144,-32.92637942,2.10893329,-18.85159396,,246.0914429,-0.2347316628,0.08744693701,-2.976331179
838.192,1.204163311,0.617204742,-32.6710632,2.047178396,-18.81336616,,245.808076,-1.028044005,0.7166510343,-2.686349149
838.292,1.111975468,0.5139604385,-31.64214758,1.930742349,-18.72981865,,245.5447236,-1.233875292,0.9189251907,-2.598184126
838.392,1.09262612,0.4657370205,-30.92880765,1.811890322,-18.63612763,,245.2849548,-1.106507233,0.9426135971,-2.601423102
838.492,1.107985697,0.436722335,-30.65035398,1.710104472,-18.54273841,,245.0244567,-0.9191483462,0.9197354124,-2.602765169
838.592,1.128133096,0.4193940729,-30.64388124,1.62487682,-18.45211809,,244.7652999,-0.7884953965,0.890624055,-2.570613978
838.692,1.139922259,0.4118519185,-30.73022051,1.549422608,-18.36405192,,244.51075,-0.7263890553,0.8711541361,-2.510953496
838.792,1.009905216,0.5302451608,-30.72541074,1.483956457,-18.26269728,,244.2599245,-0.42346731,1.300748575,-2.563127977
838.892,1.102719233,0.4969190242,-31.45303399,1.460747418,-18.10943839,,243.9984147,-0.09534659721,1.820462615,-2.651594093
838.992,1.138617569,0.4295729907,-32.11577755,1.45243388,-17.91543076,,243.7333734,-0.1080396363,2.029012646,-2.635742695
839.092,1.138388928,0.4086646144,-32.45389028,1.436480846,-17.70987802,,243.4718879,-0.2262607121,2.073274513,-2.588085889
839.192,1.125506906,0.3978564569,-32.5352586,1.409123449,-17.50229811,,243.214948,-0.3222450854,2.075131074,-2.548794747
839.292,1.114180617,0.3876389801,-32.50084581,1.374700712,-17.29519548,,242.9612152,-0.3628088399,2.064779675,-2.524551672
839.392,0.9924284029,0.3047575436,-32.49814436,1.352045857,-17.09325349,,242.7055142,0.001150498533,1.873098541,-2.606282202
839.492,0.9056572624,0.2422635925,-33.19602385,1.388734817,-16.93642902,,242.4375756,0.8620495997,1.189222439,-2.772362616
839.592,1.073794729,0.2953363626,-34.78814127,1.500459604,-16.83797365,,242.1583301,1.267130133,0.772142045,-2.767609437
839.692,1.068670546,0.3006429658,-35.92540423,1.628665642,-16.77646914,,241.8869516,1.327354838,0.3911769258,-2.656870367
839.792,1.098668,0.4022465677,-36.7211661,1.757891729,-16.7497741,,241.6276698,1.215424086,0.1826833055,-2.512885865
839.892,1.07866688,0.4614027439,-37.01913643,1.871148793,-16.73240716,,241.3822885,1.039076731,0.1837171045,-2.392406778
839.992,1.292372276,0.3743549103,-37.06196416,1.949603856,-16.72287309,,241.1527981,0.2810544468,-0.122189902,-2.117992215
840.092,1.064537351,0.462331616,-35.60138021,1.940847966,-16.75703279,,240.9534826,-0.3476507211,-0.5476577632,-1.904067592
840.192,0.9629253083,0.5784015327,-34.31427983,1.905510229,-16.81938955,,240.763092,-0.2879807264,-0.6560478084,-1.930493717
840.292,0.9435040226,0.5715006825,-33.70578175,1.888656307,-16.90109788,,240.5661056,-0.02327491242,-1.006707706,-2.015774615
840.4,0.9523762515,0.6093438711,-33.60087851,1.897091803,-17.02946651,,240.3618069,0.1896098673,-1.523750796,-2.069603343
840.5,0.9597594855,0.7101814654,-33.7208835,1.923567888,-17.20103183,,240.1350996,0.284483876,-1.606860496,-2.117734
840.6,0.9552955788,0.6887253747,-33.86178099,1.952767601,-17.37394301,,239.9218998,0.2916447506,-1.933963824,-2.142555728
840.7,0.9439317732,0.7866697919,-33.93195964,1.980865562,-17.57454155,,239.7062682,0.2646889565,-2.044952788,-2.175458685
840.8,0.930419361,0.8369229044,-33.9570666,2.005831715,-17.77817073,,239.4862402,0.2316231872,-2.015366465,-2.232471952
840.9,0.9188457075,0.8686684568,-33.96070868,2.027635255,-17.97718211,,239.259527,0.2021522817,-1.959754101,-2.309738454
841,0.9107950499,0.8889504803,-33.96081112,2.046648509,-18.17083774,,239.0244574,0.1756281126,-1.911727093,-2.399150341
841.1,0.9063349392,0.8996984749,-33.96391534,2.063042635,-18.36046156,,238.7802217,0.1494771279,-1.881384298,-2.491985687
841.2,0.9049045038,0.902087843,-33.96911971,2.07679319,-18.54795565,,238.5268329,0.1227341956,-1.87075098,-2.580808845
841.3,0.9058554725,0.8975492922,-33.97323835,2.087866915,-18.73524077,,238.2649622,0.09622422464,-1.878279283,-2.66008955
841.4,0.9864090591,0.9313847702,-34.04582974,2.095519273,-18.92344703,,237.9960067,-0.02520186239,-1.840217926,-2.696216266
841.5,0.9365245674,0.9736487442,-33.72118344,2.080264307,-19.10134314,,237.727132,-0.257585302,-1.637433477,-2.697274993
841.6,0.9185191265,0.9419329574,-33.39061314,2.051298719,-19.23410551,,237.453406,-0.3056497606,-1.012446592,-2.791644905
841.7,0.9259421493,0.9228452574,-33.21752017,2.02130134,-19.29905213,,237.1681243,-0.290236245,-0.2838729533,-2.92461561
841.8,0.9440049151,0.7992084446,-33.19182479,1.993342755,-19.31609596,,236.8706552,-0.2704657087,-0.1042069246,-3.023465965
841.9,0.9639085635,0.7294458011,-33.21608071,1.96667804,-19.32742083,,236.5656724,-0.2659818459,-0.1430975951,-3.070595184
842,0.9813015011,0.6761785514,-33.23928965,1.939968081,-19.34600532,,236.2581831,-0.2700195657,-0.2407798937,-3.071224993
842.1,0.9947582841,0.6045474135,-33.24520881,1.912973337,-19.37820517,,235.952546,-0.2686921898,-0.4596559399,-3.029095656
842.2,1.004644306,0.5935502595,-33.22647466,1.886598178,-19.43250047,,235.6526781,-0.2571148429,-0.6207983087,-2.958349024
842.3,1.010712424,0.5796400904,-33.20127101,1.861832529,-19.49880569,,235.3605298,-0.2359621319,-0.7035020175,-2.875487122
842.4,1.013049627,0.574301151,-33.17802169,1.839499442,-19.57124943,,235.0768402,-0.2086919651,-0.7426424677,-2.790547578
842.5,1.009899272,0.407543925,-33.17813602,1.820193871,-19.65690971,,234.8019587,-0.1710596835,-1.210029069,-2.686525156
842.6,1.002755896,0.5308614841,-33.14721981,1.805151195,-19.80481564,,234.5389826,-0.1270596403,-1.730372785,-2.563338629
842.7,0.9903491753,0.6248629331,-33.12265452,1.794281237,-19.98549191,,234.2872583,-0.08893456659,-1.846691975,-2.468472392
842.8,0.9742915663,0.6888566247,-33.11255489,1.786836266,-20.16847477,,234.0431961,-0.05987021552,-1.793741071,-2.414145829
842.9,0.8799271754,0.8797177351,-33.02628724,1.782553976,-20.34152492,,233.8022521,0.04853640545,-1.506409064,-2.445750747
843,0.7853722991,1.02128727,-33.28738955,1.804443255,-20.44956572,,233.5478096,0.5197727114,-0.4500692739,-2.718289013
843.1,0.9005268601,0.8994022544,-34.36798231,1.875235529,-20.45103636,,233.2619355,0.8196207418,0.3418034855,-2.984016041
843.2,0.9454083538,0.8867208823,-35.23799034,1.953556394,-20.3891938,,232.9567535,0.6956177859,0.8598413447,-3.116110904
843.3,0.832173168,0.8334734096,-35.69038899,2.026123215,-20.29583357,,232.6361722,0.8206685733,0.9783898813,-3.328518146
843.4,0.9170559049,0.7914814587,-36.44108602,2.115207787,-20.19889842,,232.294422,0.9103707142,0.9426175743,-3.491579474
843.5,0.9539158149,0.7468748313,-36.93863509,2.201504089,-20.10878899,,231.9425231,0.7880488763,0.8459235874,-3.536920747
843.6,0.9644895662,0.6982382188,-37.11231812,2.273547442,-20.02961419,,231.5886595,0.6457156871,0.7258675135,-3.534706258
843.7,1.026267713,0.7480987385,-37.07344271,2.328367097,-19.95569412,,231.2375772,0.363948927,0.8899045693,-3.459750964
843.8,1.080992835,0.6386856696,-36.51491625,2.337355996,-19.85010815,,230.9001735,-0.2479535258,1.179327599,-3.263149014
843.9,0.9932610189,0.5526578828,-35.43440945,2.301321484,-19.73061725,,230.5778926,-0.405234479,1.18768041,-3.199059327
844,0.982510684,0.4927933454,-34.73191424,2.266766554,-19.61483033,,230.2577684,-0.2506197274,1.116003966,-3.204191134
844.1,1.009738031,0.6518789522,-34.45347677,2.251061891,-19.50183433,,229.9374939,-0.05913385254,1.381560402,-3.203907304
844.2,1.042570543,0.5135873936,-34.47287789,2.250897744,-19.3157777,,229.6159351,0.05111248352,2.258174175,-3.220647661
844.3,1.068365457,0.394781139,-34.57587642,2.25874,-19.07852272,,229.2949733,0.09901217368,2.44409335,-3.187252259
844.4,1.085025436,0.3403246524,-34.65078596,2.269541555,-18.83387098,,228.9791531,0.1129908065,2.434405768,-3.118038192
844.5,1.0947957,0.3083077237,-34.67678743,2.281306704,-18.59263382,,228.6712259,0.121424365,2.384862839,-3.03027878
844.6,1.100250366,0.2439846441,-34.67422953,2.294234651,-18.35689186,,228.3724868,0.1387753211,2.279198352,-2.932792463
844.7,1.099351795,-0.007829551877,-34.67854285,2.310260814,-18.18258715,,228.0866092,0.1886856467,0.990328006,-2.754044095
844.8,1.093787516,0.1645542954,-34.62585563,2.332155002,-18.14308312,,227.8215116,0.2532431245,-0.1372851584,-2.529459523
844.9,1.002212654,0.2428869687,-34.50541415,2.361405592,-18.18793739,,227.5779806,0.4164489283,-0.7919133144,-2.351460841
845,1.037586799,0.394431043,-34.78334297,2.41754854,-18.27747058,,227.3469064,0.682405064,-0.9426370449,-2.257348024
845.1,1.039850009,0.4994666694,-35.10418243,2.489608279,-18.36832042,,227.1254725,0.7386751593,-0.8444322333,-2.167826571
845.2,1.017953852,0.5316802108,-35.2999851,2.562456923,-18.4530606,,226.9114911,0.7083193232,-0.8755540948,-2.113725613
845.3,0.9871076073,0.6485420543,-35.36048272,2.631317128,-18.54796831,,226.7008252,0.6643529002,-0.9820342176,-2.109384125
845.4,0.9576839147,0.7534279097,-35.35952787,2.695956423,-18.64207797,,226.4874256,0.6255338295,-0.8750435272,-2.173289968
845.5,0.9350961208,0.8241452586,-35.35245116,2.75695942,-18.72288596,,226.2650208,0.5906736341,-0.7294749647,-2.290703616
845.6,0.920706322,0.8708206173,-35.35849598,2.814358405,-18.78992189,,226.0291998,0.5520239481,-0.6069821631,-2.440890996
845.7,0.9139943314,0.8955964501,-35.37543005,2.867561567,-18.84660713,,225.7776188,0.506053108,-0.5277816521,-2.60390429
845.8,0.9139374446,0.9000118577,-35.39351159,2.915892384,-18.89757882,,225.5097998,0.4548169984,-0.4968024898,-2.762812325
845.9,0.9195310484,0.8866943416,-35.40442745,2.959043773,-18.94758561,,225.2267953,0.4033801802,-0.5114166705,-2.904261075
846,0.92973399,0.8594502696,-35.40412241,2.997243014,-19.00088555,,224.9308253,0.3570089339,-0.5643987098,-3.01857714
846.1,0.94334728,0.8228872881,-35.39227909,3.03118991,-19.0608713,,224.624905,0.319606667,-0.6456800001,-3.099855154
846.2,0.9590439554,0.7819001522,-35.3705985,3.061888438,-19.12985298,,224.3124675,0.2931933655,-0.7437844674,-3.145938305
846.3,0.9753975589,0.7411674849,-35.34151894,3.090467665,-19.20897798,,223.9969962,0.2781680144,-0.8471254718,-3.158222169
846.4,0.9910900314,0.7047301408,-35.30755566,3.118035347,-19.29827285,,223.6816903,0.2736594376,-0.9451233252,-3.141126855
846.5,1.004981871,0.6756851883,-35.27104494,3.145569911,-19.39678651,,223.3691966,0.2779362325,-1.029085075,-3.10133606
846.6,1.015198896,0.5243944083,-35.24760747,3.173875903,-19.50440284,,223.0614956,0.2918580283,-1.270974389,-3.038310023
846.7,1.022402323,0.6162540013,-35.19612316,3.204211602,-19.652217,,222.7618776,0.3163481567,-1.639294364,-2.945917397
846.8,1.02504857,0.6510628476,-35.15210231,3.236996157,-19.82148214,,222.4711727,0.340793374,-1.728874498,-2.862576889
846.9,1.023973243,0.6786588934,-35.11614496,3.272140622,-19.99455656,,222.1880377,0.3627635779,-1.722168526,-2.797205484
847,1.02006091,0.7097216774,-35.08879901,3.309240898,-20.16478899,,221.910392,0.378888432,-1.673488638,-2.755438119
847.1,1.01434826,0.7443293073,-35.06925312,3.347589325,-20.32907049,,221.6357298,0.3867051398,-1.603827007,-2.739932723
847.2,1.007904995,0.7798396258,-35.05585685,3.386292795,-20.48589783,,221.3614081,0.3850967168,-1.525386362,-2.750589655
847.3,1.001795108,0.8132309684,-35.04668067,3.424403812,-20.63483608,,221.0849081,0.3741521236,-1.447475971,-2.784881712
847.4,0.9968959223,0.8419027688,-35.03979996,3.461029174,-20.77629573,,220.8040568,0.3549087744,-1.377574292,-2.838373528
847.5,0.9938925902,0.8639958754,-35.03342367,3.495412885,-20.91135013,,220.5171873,0.3290832136,-1.321268326,-2.905375272
847.575,0.9931249842,0.875611367,-35.02799427,3.519382272,-21.00935123,,220.2974206,0.3066589303,-1.290155785,-2.96073569
847.675,0.9942168205,0.8842917245,-35.01891307,3.548618797,-21.13705857,,219.99783,0.2745096279,-1.264828208,-3.036394769
847.775,0.9976768738,0.8856258259,-35.00674198,3.574598103,-21.26307839,,219.6907704,0.2418307661,-1.257771134,-3.109011855
847.875,1.003223919,0.880685068,-34.99090509,3.597360225,-21.38916688,,219.3767688,0.2106014292,-1.267157907,-3.173940439
847.975,1.010446858,0.8709987546,-34.97121342,3.617126888,-21.5168327,,219.0567577,0.1824200611,-1.289828225,-3.22787097
848.075,1.018832108,0.8583472234,-34.94785438,3.634256634,-21.64722514,,218.7319337,0.1583632617,-1.321764087,-3.268956992
848.175,1.027802348,0.8445597209,-34.92132502,3.64919183,-21.78107113,,218.4036103,0.1389895628,-1.358586443,-3.296814902
848.275,1.03682898,0.8313335856,-34.89233346,3.662405999,-21.91866072,,218.0730785,0.1243205514,-1.396017288,-3.312356812
848.375,1.045414072,0.8200897776,-34.86170558,3.674353747,-22.059876,,217.7414871,0.1139362902,-1.430273421,-3.317545727
848.475,1.053196303,0.8118752312,-34.83030007,3.685430313,-22.20425484,,217.4097532,0.1070527129,-1.458359131,-3.31506411
848.575,1.059904786,0.8073121483,-34.79893239,3.695940844,-22.35107889,,217.0785051,0.1026495396,-1.478247186,-3.307967854
848.675,1.065436865,0.8065959002,-34.76830101,3.706081709,-22.49947433,,216.748062,0.09958674283,-1.488943489,-3.299343442
848.775,1.069782362,0.809531683,-34.73895134,3.715934451,-22.64851414,,216.4184441,0.0967218445,-1.490446037,-3.292008623
848.875,1.073076134,0.8156051067,-34.71123556,3.725470676,-22.79731196,,216.0894112,0.09302810244,-1.483615991,-3.288284332
848.975,1.075501976,0.8240713688,-34.68531636,3.734567157,-22.94510003,,215.7605202,0.08766534154,-1.469983159,-3.289834832
849.075,1.077322753,0.8340565939,-34.66117053,3.743028206,-23.09128556,,215.4311945,0.08005132251,-1.451514826,-3.297601982
849.175,1.07941232,0.8618198986,-34.63805084,3.750439376,-23.22810181,,215.1003851,0.06589508467,-1.284853108,-3.321478694
849.275,1.082127339,0.8737570391,-34.62061142,3.756149378,-23.34577114,,214.7664919,0.04551110153,-1.075574383,-3.359961485
849.375,1.086991277,0.9380646149,-34.60183442,3.759383609,-23.43425771,,214.4277894,0.01447646208,-0.6583222308,-3.42158288
849.475,1.093509336,0.8868086723,-34.59953026,3.759152616,-23.48065063,,214.0821406,-0.02292207299,-0.3027852459,-3.495787429
849.575,1.102275657,0.8698507621,-34.5921176,3.755246979,-23.50294009,,213.7294333,-0.05961776161,-0.1140282429,-3.563124929
849.675,1.114380424,0.8813944804,-34.57916058,3.747389668,-23.49278511,,213.3695056,-0.1024458735,0.3414302967,-3.641717659
849.775,1.127984868,0.7945556425,-34.57425025,3.735531238,-23.45092939,,213.0023737,-0.1372317553,0.4626035658,-3.700337719
849.875,1.2194572,0.7854328135,-34.62815213,3.719899876,-23.4049831,,212.6310359,-0.2529123902,0.4903495061,-3.69295864
849.975,1.181260776,0.7118493997,-34.30319167,3.682752554,-23.35274266,,212.2655892,-0.4669974041,0.5311342956,-3.623055427
850.075,1.17123231,0.6813081999,-33.94932902,3.633973086,-23.29423505,,211.9037911,-0.4902469273,0.6257359495,-3.616479189
850.175,1.181724591,0.6285063529,-33.73999574,3.587344834,-23.23241347,,211.5421371,-0.433375433,0.5971118184,-3.612900894
850.275,1.125874087,0.6551119205,-33.58112403,3.547537303,-23.15760562,,211.1805215,-0.2878822228,0.9343666592,-3.649894174
850.375,1.200083488,0.6915076773,-33.87300094,3.531508824,-23.04429362,,210.8111762,-0.06161441238,1.445406796,-3.727458761
850.475,1.245969356,0.6943018323,-34.21266617,3.527204683,-22.8626197,,210.4372682,-0.04992760484,2.27687524,-3.747217709
850.575,1.26901569,0.6296077872,-34.4140966,3.519444696,-22.60748158,,210.0627323,-0.1196416309,2.904582374,-3.743545896
850.675,1.281986574,0.5224118764,-34.47519737,3.504356699,-22.30010349,,209.6888211,-0.1859479884,3.233829632,-3.731407267
850.775,1.295782671,0.4653725842,-34.45036726,3.483670878,-21.94777609,,209.3153597,-0.2278299796,3.770194867,-3.736024718
850.875,1.313520398,0.4365514648,-34.4012233,3.460413056,-21.55575325,,208.9419092,-0.2390960912,4.175987503,-3.734873265
850.975,1.33589052,0.4303082547,-34.35631704,3.436812827,-21.11767128,,208.5685019,-0.2351141183,4.680061894,-3.733402665
851.075,1.359774672,0.2474691177,-34.34338768,3.414110832,-20.63323529,,208.1957746,-0.2185127835,4.943376984,-3.711021194
851.175,1.460894768,0.1943269327,-34.39723679,3.392726393,-20.12898394,,207.82706,-0.2864894479,5.161976573,-3.626473696
851.275,1.432215903,0.1340130128,-34.07595188,3.35423016,-19.60051541,,207.4713381,-0.4601938826,5.424061982,-3.488716964
851.375,1.428807476,0.02844648311,-33.73714616,3.308307514,-19.05543209,,207.1270643,-0.4381825387,5.448183682,-3.388696672
851.475,1.573507099,-0.1939638247,-33.62352668,3.263126016,-18.51846659,,206.7952358,-0.6147366048,5.091087709,-3.170230463
851.575,1.531757662,-0.2138518615,-32.7964741,3.176382014,-18.06730932,,206.4977834,-1.075168542,3.942289777,-2.768856967
851.675,1.543473539,-0.1210882856,-31.89327966,3.066926369,-17.6944748,,206.2328483,-1.133625792,3.567522142,-2.505216382
851.775,1.4811451,-0.08375468791,-31.04301893,2.952194474,-17.34192115,,205.9931259,-1.110152428,3.505846091,-2.2913026
851.875,1.465200137,-0.009612835664,-30.55778966,2.849870944,-16.98919429,,205.7702347,-0.9137668085,3.610374378,-2.165269965
851.975,1.429599225,0.1102536707,-30.52286978,2.779648825,-16.59414861,,205.5526683,-0.4829651798,4.425058233,-2.194285819
852.075,1.426864232,0.04310516713,-31.04753277,2.753636738,-16.12902206,,205.329598,-0.05854520604,4.839853168,-2.258379849
852.175,1.244466998,0.04147102218,-31.78397534,2.77685829,-15.63695031,,205.0975449,0.7395521149,4.989369728,-2.440575077
852.275,1.367950288,0.10863499,-33.53118923,2.883438518,-15.12744656,,204.8461563,1.360361399,5.240123222,-2.578888163
852.375,1.477418253,0.08551217754,-35.14483662,3.021755363,-14.58704671,,204.5881763,1.31054815,5.542612382,-2.558934654
852.475,1.438636423,0.05574949097,-35.96277812,3.14388605,-14.02861962,,204.3344957,1.179736833,5.609963431,-2.529374636
852.575,1.46491017,0.03195793784,-36.47692088,3.256299607,-13.4679866,,204.0828805,1.040263832,5.593758398,-2.49635977
852.675,1.465917252,0.00331468086,-36.63221677,3.353407418,-12.9107265,,203.8352269,0.8952203724,5.543740765,-2.453315105
852.775,1.463846621,-0.07444246981,-36.59403222,3.43897166,-12.35990352,,203.5919004,0.8196535658,5.417461714,-2.40677792
852.875,1.467778168,-0.1682050424,-36.50298334,3.52033744,-11.83884827,,203.3546284,0.8132060127,4.917482693,-2.324300016
852.975,1.478397404,-0.1273872228,-36.41173278,3.602916662,-11.36495663,,203.1270567,0.8408619376,4.588339502,-2.216235873
853.075,1.490534706,-0.1880150626,-36.36246557,3.688843873,-10.91927613,,202.9111335,0.879300866,4.237461022,-2.084263176
853.175,1.574318396,-0.2429679569,-36.40950717,3.77771803,-10.50760092,,202.7095842,0.8188180314,3.923001441,-1.91501277
853.275,1.595598449,-0.2552764718,-36.16434306,3.848623934,-10.13168504,,202.5277668,0.5447383367,3.539402772,-1.696842356
853.375,1.519234063,-0.177722922,-35.51868138,3.890933641,-9.800181736,,202.3682171,0.3450653826,3.137638782,-1.492264984
853.475,1.48950754,-0.1203980932,-34.99091647,3.927004396,-9.490727982,,202.225383,0.4041810764,3.07650083,-1.362236033
853.575,1.483077164,-0.08332752926,-34.73720041,3.973392129,-9.181384304,,202.0934795,0.5329490129,3.123305472,-1.273033321
853.675,1.486440666,-0.09474054401,-34.69354837,4.031805348,-8.876012082,,201.9698859,0.6335781413,2.947860237,-1.192087535
853.775,1.488990534,-0.02685465904,-34.72913463,4.097795977,-8.583725634,,201.8537067,0.6802232753,2.920824784,-1.130520492
853.875,1.616153925,-0.1268406032,-34.86369393,4.160381344,-8.306469776,,201.7443304,0.3989462802,2.450115647,-1.020655766
853.975,1.509606313,-0.1665714077,-34.2585547,4.180706342,-8.105444579,,201.6491744,0.05601166673,1.396937868,-0.8740725577
854.075,1.508494021,-0.04995836217,-33.64087566,4.179193984,-7.999799559,,201.5671688,-0.1391867135,0.6622854232,-0.7504705588
854.175,1.518541713,-0.07963251301,-33.04652082,4.162014719,-7.965130585,,201.496762,-0.2430802836,-0.1362744228,-0.6388272905
854.275,1.591333355,-0.003388490558,-32.22451167,4.105407173,-8.042039784,,201.4435299,-0.9414585133,-1.43806139,-0.4082278478
854.375,1.51255311,0.1308918741,-30.86547192,3.994297995,-8.234197099,,201.4107119,-1.266803418,-2.444121937,-0.2418349231
854.475,1.403549536,0.2670890152,-29.60616407,3.863468299,-8.495058414,,201.3905793,-1.274563983,-2.785808351,-0.1743590467
854.575,1.364195367,0.3924809237,-28.91500674,3.74695263,-8.799361041,,201.3737614,-1.022926127,-3.280979835,-0.1707335832
854.675,1.352364551,0.4951556935,-28.73056545,3.656205705,-9.148352734,,201.3555989,-0.788692722,-3.692196897,-0.1996238521
854.775,1.346371123,0.6531689598,-28.80058871,3.58396557,-9.519911644,,201.3326367,-0.6660142355,-3.693068607,-0.2738327901
854.875,1.334498851,0.7553251431,-28.94001059,3.519212085,-9.882889424,,201.3000642,-0.6403912948,-3.545151758,-0.3949818413
854.975,1.317878114,0.8300544666,-29.05096046,3.454221732,-10.22980732,,201.2534303,-0.6680278368,-3.38209051,-0.5571239039
855.075,1.30113751,0.8824873065,-29.11381627,3.385402402,-10.5615166,,201.1890875,-0.7141552891,-3.247433271,-0.7494798551
855.175,1.288368511,0.913269963,-29.14255589,3.31183903,-10.88171082,,201.1046794,-0.761318161,-3.156943024,-0.9569872986
855.275,1.282281003,0.9234739545,-29.15484404,3.233712625,-11.19507674,,200.9994538,-0.8048592175,-3.115055288,-1.16301254
855.375,1.282595048,0.915597337,-29.16066784,3.151392389,-11.50641921,,200.8742766,-0.844956984,-3.119581303,-1.352385166
855.475,1.288075171,0.8933925145,-29.16262004,3.065194313,-11.82010037,,200.7313843,-0.8820682874,-3.163744395,-1.513381829
855.575,1.371177533,0.860906634,-29.23294958,2.974615937,-12.1396505,,200.5741686,-1.010269605,-3.237326431,-1.618171483
855.675,1.330407307,0.8248848482,-28.93020402,2.860633057,-12.46731803,,200.4104678,-1.24678767,-3.324937976,-1.662859038
855.775,1.314026865,0.7867568566,-28.59803349,2.733063685,-12.80401841,,200.2418354,-1.285937268,-3.417497322,-1.712672195
855.875,1.318247177,0.7510095718,-28.39813094,2.606108571,-13.14998281,,200.068942,-1.244349799,-3.508983528,-1.743496926
855.975,1.330408469,0.7220878026,-28.32510931,2.484028165,-13.50475415,,199.8942887,-1.195550484,-3.591440753,-1.744967462
856.075,1.340747829,0.660808379,-28.32390299,2.366050393,-13.86754814,,199.7207811,-1.164494164,-3.71345319,-1.717369468
856.175,1.255141984,0.6674200417,-28.4376576,2.268336254,-14.25436047,,199.5473349,-0.696269336,-4.008693297,-1.76699899
856.275,1.090778203,0.6973302044,-29.07048424,2.230741481,-14.66075054,,199.3658345,0.1475084233,-4.109302042,-1.909882734
856.375,1.094202936,0.7259892067,-30.76690478,2.290939059,-15.07351615,,199.166283,1.185390302,-4.142410787,-2.11089
856.475,1.293273106,0.7673655042,-33.09926413,2.433666652,-15.48806367,,198.9515363,1.522274359,-4.141642271,-2.14302388
856.575,1.082783433,0.9221466551,-34.43647641,2.585512965,-15.89387902,,198.738056,1.760642528,-3.825085314,-2.210541799
856.675,1.196884489,1.217786586,-36.21010134,2.784697749,-16.23091595,,198.5064674,2.185623056,-2.569754,-2.445219945
856.775,1.297695353,1.118057305,-37.75050144,2.998607047,-16.39748769,,198.2523871,2.000319972,-0.8317779285,-2.637260167
856.875,1.311021605,1.10755478,-38.48821248,3.18029774,-16.44289192,,197.9819173,1.592846462,0.0358053567,-2.791087924
856.975,1.295487395,1.122227995,-38.62394389,3.322802058,-16.39411213,,197.6936585,1.248754556,1.045720204,-3.001849428
857.075,1.292163497,1.202541827,-38.49067909,3.437067504,-16.23363733,,197.3813748,1.03576441,2.43267046,-3.280971861
857.175,1.386664942,0.8864276826,-38.43920983,3.534374346,-15.94184329,,197.0402336,0.836752942,3.337460207,-3.532767633
857.275,1.37103642,0.6232818668,-38.05592528,3.604454947,-15.58628772,,196.6798309,0.5905547904,3.67467722,-3.681890585
857.375,1.470322454,0.5556999294,-37.73715974,3.660349198,-15.20751201,,196.3063993,0.466797125,4.028222228,-3.770443545
857.475,1.465556299,0.2750095234,-37.22693232,3.698133342,-14.79870116,,195.9300592,0.3225996635,4.062587522,-3.746054828
857.575,1.569304214,0.1315043944,-36.59376266,3.707299205,-14.3928968,,195.5648715,-0.1336370129,4.058201017,-3.539651702
857.675,1.581716692,-0.04843362384,-35.58722634,3.67830452,-13.99440759,,195.2223859,-0.3994854344,3.873194174,-3.292865717
857.775,1.682236261,-0.146415864,-34.6900827,3.632112585,-13.61489715,,194.9058138,-0.6475010086,3.747247553,-2.97978812
857.875,1.553418998,-0.251798009,-33.58806538,3.564123348,-13.24554151,,194.6219213,-0.6389881579,3.624277092,-2.683571435
857.975,1.510566377,-0.4355250286,-32.95986929,3.512005402,-12.89005407,,194.3658816,-0.3659995052,3.343602214,-2.407031085
858.075,1.423378962,-0.5836915073,-32.88797798,3.507036317,-12.62010948,,194.1378145,0.3713491023,1.922502221,-2.126824809
858.175,1.476979011,-0.384738142,-33.57852588,3.571056085,-12.46817529,,193.9402959,0.9441215237,1.171812935,-1.799711779
858.275,1.59025948,-0.233936245,-34.48819263,3.676197004,-12.36024801,,193.7763603,1.098085454,1.045906844,-1.449528702
858.375,1.597560328,-0.1048731433,-35.01862496,3.786997924,-12.25024324,,193.6448227,1.172620465,1.193396255,-1.189092458
858.475,1.608138761,0.02308438435,-35.48915788,3.904983265,-12.11971505,,193.5341627,1.159324998,1.449603257,-1.023934715
858.575,1.57109824,0.1479739314,-35.71257638,4.016977895,-11.9613635,,193.4357713,1.068933139,1.744556275,-0.9556364294
858.675,1.527442942,0.2599787289,-35.76654957,4.120053375,-11.77342607,,193.3394181,0.9892923558,2.034765741,-0.9903593295
858.783,1.546723026,0.4359883269,-35.74584919,4.211114535,-11.54714195,,193.2359581,0.7422479946,2.596222456,-1.090676664
858.883,1.508096398,0.4589393354,-35.2515499,4.26574086,-11.23714547,,193.1111675,0.2920683676,3.146367772,-1.249589014
858.983,1.524427725,0.3574541742,-34.75125554,4.289217475,-10.91071387,,192.9756179,0.1322073507,3.269215883,-1.469048955
859.083,1.518844287,0.2290890115,-34.1511636,4.288756736,-10.6119256,,192.822098,-0.1895909299,2.489522473,-1.590800454
859.183,1.520091431,0.1457929217,-33.41545568,4.259008198,-10.40418936,,192.6594356,-0.4470088682,1.43841042,-1.643143689
859.283,1.47785238,0.2904889564,-32.61919084,4.211339938,-10.2978654,,192.4937281,-0.4630019806,0.7582067958,-1.676964857
859.383,1.484992763,0.3044777113,-32.17946072,4.171064361,-10.23477127,,192.3244354,-0.3242022432,0.5177592323,-1.707196416
859.483,1.511820027,0.2853645192,-32.04378434,4.145063719,-10.18901307,,192.1534723,-0.1948004653,0.3970783079,-1.705601231
859.583,1.666750826,0.2190578121,-31.85816572,4.098919245,-10.16317495,,191.9902548,-0.8366753713,0.0757231433,-1.530731234
859.683,1.576479423,0.2381575914,-30.90194718,3.999676207,-10.16389679,,191.8428754,-1.085620816,-0.0738205883,-1.422412457
859.783,1.622942387,0.1544962832,-30.26613015,3.893131063,-10.17468482,,191.7033833,-1.084479173,-0.2279156792,-1.349005714
859.883,1.582017412,0.2185165791,-29.64632639,3.781330684,-10.20967737,,191.5731866,-1.115575318,-0.4401734507,-1.2554504
859.983,1.573909472,0.2457314228,-29.27622595,3.674412848,-10.2559131,,191.4504847,-1.005617846,-0.4717576123,-1.197135797
860.083,1.578552117,0.2678231868,-29.15068215,3.579409399,-10.30207964,,191.3328328,-0.8917401102,-0.4437076316,-1.153893478
860.183,1.582575221,0.2921930689,-29.16252183,3.493803539,-10.34420036,,191.2190185,-0.8243356598,-0.391971558,-1.121465338
860.283,1.581203596,0.3188149679,-29.21621326,3.41276155,-10.3805737,,191.1078352,-0.8016249833,-0.3292320942,-1.103201685
860.383,1.575082997,0.3455309371,-29.26211656,3.332648466,-10.41044528,,190.9976764,-0.8046244291,-0.2626675411,-1.102892279
860.483,1.566756161,0.3699230228,-29.28796754,3.251712004,-10.43371491,,190.8866804,-0.8167655716,-0.1983369478,-1.121341165
860.583,1.503799178,0.363256891,-29.30248908,3.174778081,-10.45394782,,190.7722625,-0.6367059024,-0.2502356984,-1.184098267
860.683,1.536917721,0.398516288,-29.63196804,3.118533692,-10.48088465,,190.6510757,-0.5132944004,-0.2788153354,-1.238887443
860.783,1.547224844,0.4163985735,-29.9114202,3.066928385,-10.50841359,,190.5254786,-0.5363576486,-0.2686782504,-1.274354053
860.883,1.543710308,0.4260390972,-30.05220531,3.010323585,-10.53458024,,190.3965296,-0.6037017869,-0.2539219445,-1.307666761
860.983,1.536203666,0.429500736,-30.08507448,2.947218031,-10.55947531,,190.2640782,-0.6602978111,-0.2446321129,-1.344924062
861.083,1.530487943,0.4276750713,-30.06819893,2.87960461,-10.58383543,,190.1277737,-0.6916408939,-0.2442734619,-1.384189769
861.183,1.528189356,0.4216058262,-30.04325963,2.809833574,-10.60860032,,189.9876355,-0.7034759274,-0.2534555702,-1.420506338
861.283,1.52862754,0.4125749052,-30.02768846,2.739389666,-10.63467862,,189.8441754,-0.7058066189,-0.2709029098,-1.449424946
861.383,1.530451224,0.4019408058,-30.02286532,2.668869694,-10.66279001,,189.6982654,-0.7055456214,-0.2941244935,-1.468447169
861.483,1.532497906,0.3909924656,-30.0242663,2.598378197,-10.69337472,,189.550933,-0.7054131931,-0.3200825139,-1.477067265
861.583,1.534058817,0.3808447807,-30.02731376,2.527885912,-10.72656593,,189.4031841,-0.7054623003,-0.3457553806,-1.476243214
861.683,1.534754216,0.372385063,-30.02989004,2.457410486,-10.76221066,,189.2558844,-0.7048803998,-0.368523607,-1.467804673
861.783,1.534432783,0.3662352315,-30.03185168,2.387047406,-10.79992115,,189.1096939,-0.7030470771,-0.3863872576,-1.454006054
861.883,1.53300739,0.3627360817,-30.0340036,2.316930758,-10.83914194,,188.9650399,-0.699855432,-0.3980589962,-1.437224111
861.983,1.530473912,0.3619532805,-30.03728235,2.247186525,-10.87922209,,188.8221139,-0.695574792,-0.4029727568,-1.419754233
862.083,1.526878745,0.3637038951,-30.0423587,2.177902575,-10.91948533,,188.6808886,-0.6906799156,-0.4012315444,-1.403639265
862.183,1.522306138,0.3676013779,-30.0495684,2.109119276,-10.95929291,,188.5411481,-0.6856233089,-0.3935116935,-1.390548891
862.283,1.516919508,0.3731143362,-30.05897625,2.040833859,-10.99809514,,188.4025313,-0.6807988429,-0.3809317654,-1.381674467
862.383,1.510892573,0.3796310979,-30.07047626,1.973010417,-11.03546887,,188.2645812,-0.6764616854,-0.3649014227,-1.377688928
862.483,1.504452138,0.3865286092,-30.08403571,1.905591671,-11.07113917,,188.1267982,-0.6727925146,-0.3469602519,-1.378736183
862.583,1.497768531,0.393219776,-30.09915734,1.838506471,-11.10498521,,187.9886904,-0.6698407517,-0.3286256375,-1.384492862
862.683,1.491040063,0.3992087081,-30.11548542,1.771687401,-11.137032,,187.8498162,-0.6675063916,-0.311264343,-1.394254038
862.783,1.484400094,0.4041256805,-30.13279259,1.70507823,-11.16743016,,187.7098188,-0.6656614079,-0.295985424,-1.407027848
862.883,1.477955691,0.4077441615,-30.15084217,1.638637439,-11.19642666,,187.5684488,-0.6641385744,-0.2835711631,-1.421665936
862.983,1.471762387,0.409983438,-30.16940197,1.572340966,-11.22433039,,187.4255743,-0.6627539606,-0.2744456324,-1.4369863
863.083,1.465808394,0.4108981476,-30.18828074,1.50618489,-11.25147632,,187.2811785,-0.6612932061,-0.268680579,-1.451890403
863.183,1.46007074,0.4106572695,-30.20734172,1.440185736,-11.27819168,,187.1353473,-0.6595611735,-0.2660315055,-1.465447297
863.283,1.307119362,0.4105196427,-30.08123326,1.376018103,-11.30476229,,186.9879183,-0.4687659108,-0.2656061634,-1.514785853
863.383,1.105811979,0.4076936399,-30.63937339,1.377330017,-11.33162293,,186.8267627,0.7847546375,-0.276458723,-1.761502826
863.483,1.166457612,0.3092403379,-32.73600606,1.510308717,-11.36771366,,186.6414537,1.962254164,-0.5924702215,-1.946985648
863.583,1.424883144,0.3896877472,-35.44405708,1.735851543,-11.44352987,,186.4445007,2.37372576,-0.8958446242,-1.951377256
863.683,1.504552382,0.4353454775,-37.19686983,1.958969087,-11.53862357,,186.2550675,1.995593455,-0.9922161478,-1.81905169
863.783,1.552575442,0.4730766946,-37.90142476,2.134953564,-11.63854572,,186.07914,1.423354045,-0.9952303606,-1.682920277
863.883,1.475685393,0.5342381104,-37.46801599,2.237777761,-11.73305886,,185.918215,0.6601651452,-0.8375230603,-1.552650289
863.983,1.438504481,0.5793877547,-36.64542809,2.290831298,-11.80920965,,185.7630097,0.3813797822,-0.6414810848,-1.557346711
864.083,1.454712994,0.5972180053,-35.7199216,2.30766837,-11.86268316,,185.6079081,-0.07549447058,-0.3937408918,-1.549684807
864.183,1.394907115,0.6430751874,-34.55046699,2.283974726,-11.88087544,,185.4509993,-0.4138990481,0.1040752793,-1.601074828
864.283,1.362083127,0.6228806936,-33.4099143,2.22859916,-11.84119248,,185.2870942,-0.644520018,0.7441854328,-1.703597345
864.383,1.367080496,0.5560615695,-32.47420649,2.156138475,-11.75250106,,185.1120174,-0.7701743484,1.034692813,-1.813110886
864.483,1.391119567,0.4568995424,-31.72190999,2.071678512,-11.64164241,,184.9271255,-0.8946258697,1.148590711,-1.891526962
864.583,1.38277938,0.3871501339,-31.15843925,1.986061273,-11.52822643,,184.7341757,-0.7888293152,1.100624467,-1.969490172
864.683,1.406047756,0.3528905269,-30.94313418,1.914282264,-11.41961274,,184.5349952,-0.6402010989,1.10405318,-2.010890236
864.783,1.435489508,0.3193674381,-30.94209832,1.855407627,-11.31035356,,184.3339346,-0.5412283743,1.107604921,-2.002197844
864.883,1.459126621,0.2520143214,-31.01498679,1.803572,-11.19084333,,184.1352415,-0.5010223912,1.256642591,-1.961566534
864.983,1.474012905,0.1883486118,-31.07731621,1.754146329,-11.06573716,,183.9423566,-0.4908416549,1.229187743,-1.884631953
865.083,1.426173528,0.0825398709,-31.11252174,1.710640656,-10.94936585,,183.7574822,-0.2916010316,0.9983303468,-1.812300199
865.183,1.320624358,-0.0009226521817,-31.56052644,1.71350135,-10.88614035,,183.5778955,0.5109614003,0.1479513729,-1.782043412
865.283,1.396971984,0.04644697576,-32.83393356,1.791466468,-10.90072764,,183.4045277,1.051442544,-0.4376524695,-1.666861248
865.383,1.477444096,0.1522941114,-34.07744916,1.901739864,-10.95841015,,183.2464046,1.080613071,-0.6734422062,-1.472145613
865.483,1.473856282,0.2274975573,-34.73499745,2.000506666,-11.02664807,,183.1081975,0.8642131257,-0.6663395392,-1.284045381
865.583,1.432147986,0.2987829353,-34.89877535,2.077401638,-11.08887575,,182.9859765,0.6715038877,-0.5584353884,-1.163613105
865.683,1.460966316,0.3669631658,-34.90307451,2.13876599,-11.13804379,,182.8722298,0.4848700618,-0.4086105151,-1.105169129
865.783,1.537235161,0.4314013632,-34.18842196,2.131099048,-11.17133074,,182.7714436,-0.7189484229,-0.2393209508,-0.911407889
865.883,1.376736497,0.4833834782,-32.3536466,2.023983183,-11.18702889,,182.6827385,-1.318187569,-0.06124177431,-0.9004927167
865.983,1.37152507,0.5137616813,-30.74956372,1.87718348,-11.18583172,,182.5894927,-1.630608441,0.09159724492,-0.9771847999
866.083,1.295216155,0.5248969946,-29.41714453,1.717301579,-11.17126619,,182.4843487,-1.494246022,0.1996315888,-1.151656994
866.183,1.294701545,0.5182854217,-28.84512583,1.581830675,-11.14847273,,182.360166,-1.192282313,0.2505852765,-1.34402478
866.283,1.321558328,0.4994399762,-28.80449892,1.473727868,-11.12313757,,182.2184403,-0.9755374206,0.2477053686,-1.493754047
866.383,1.348980598,0.4728571708,-28.97374176,1.381030868,-11.10005911,,182.0642967,-0.8921991353,0.2047914377,-1.588207296
866.483,1.365764656,0.4419446522,-29.14409967,1.292155092,-11.08250541,,181.9029429,-0.8959924938,0.1376748738,-1.636195045
866.583,1.372463238,0.4095911737,-29.24151733,1.201161402,-11.07225678,,181.7384507,-0.9287576742,0.05969914505,-1.649964688
866.683,1.373328335,0.2663960179,-29.28432999,1.107061011,-11.07407701,,181.5740112,-0.9523093325,-0.243605485,-1.626147095
866.783,1.371942103,0.228110585,-29.27927214,1.011706205,-11.12472916,,181.414532,-0.9514557846,-0.8777025617,-1.547245435
866.883,1.368241737,0.3127972966,-29.2518161,0.9173386684,-11.23325468,,181.2645144,-0.9335445016,-1.250140163,-1.444828701
866.983,1.358951108,0.2643955409,-29.24472167,0.82546191,-11.38904141,,181.1260232,-0.9005318964,-1.892147404,-1.310890931
867.083,1.344511495,0.2837837218,-29.24058075,0.7372226826,-11.60382169,,181.0014717,-0.8606929484,-2.457474571,-1.166707246
867.183,1.249798989,0.3148724584,-29.17248918,0.6538276615,-11.86152749,,180.8904788,-0.7254196377,-2.745747236,-1.062360872
867.283,1.276177945,0.4549002737,-29.47641833,0.5947928597,-12.14721479,,180.786668,-0.478742954,-2.917322227,-1.008695252
867.383,1.214551878,0.5467131818,-29.82394946,0.5555798648,-12.4369606,,180.6867902,-0.2371519635,-2.851911733,-1.009002821
867.483,1.060979727,0.7405771379,-30.41209421,0.5570959853,-12.70201403,,180.5798645,0.4053081337,-2.292607084,-1.179558933
867.583,0.9473954944,0.8357367,-31.83047615,0.6429540809,-12.89409046,,180.4472767,1.479624688,-1.439315825,-1.532366961
867.683,0.9662873928,0.8961198101,-34.41945705,0.8534731165,-12.98683101,,180.2718344,2.765649767,-0.3777984606,-2.005655021
867.783,1.144091726,0.8445922047,-37.41597908,1.146856248,-12.989682,,180.0582125,3.006151485,0.3044155871,-2.265021628
867.883,1.247975105,0.7807837453,-39.43044857,1.430154999,-12.94809376,,179.8262816,2.551006651,0.488615124,-2.365386979
867.983,1.23673924,0.7432513056,-40.17043005,1.65811689,-12.89912191,,179.5869416,1.979648786,0.4726462796,-2.42836045
868.083,1.194496702,0.6974884363,-40.14049722,1.837492229,-12.85553635,,179.3405191,1.619074886,0.3842728172,-2.510213286
868.183,1.16910771,0.6392276466,-39.86403641,1.99190101,-12.82272234,,179.0854311,1.488041158,0.2567287699,-2.597012858
868.283,1.170471684,0.573825945,-39.62849449,2.140219602,-12.80391942,,178.822639,1.490868659,0.104130368,-2.657278914
868.383,1.189521291,0.5087500814,-39.50816022,2.291392511,-12.80099556,,178.5558826,1.537258643,-0.05912183718,-2.670395618
868.483,1.214678357,0.4780981528,-39.46881824,2.447220129,-12.81111018,,178.2899986,1.578768616,-0.1061073443,-2.639500351
868.583,1.237529271,0.4095434924,-39.46746738,2.606470058,-12.82435728,,178.028916,1.605232852,-0.1749900619,-2.570298037
868.683,1.254965668,0.3692408383,-39.46273906,2.767897872,-12.84618914,,177.7762148,1.622979918,-0.2674614415,-2.47196737
868.783,1.266578624,0.3479091052,-39.44520027,2.930988475,-12.87649586,,177.534107,1.639351,-0.3390567692,-2.359676015
868.883,1.273137449,0.3424740966,-39.4182099,3.095799276,-12.91246885,,177.3033474,1.657762062,-0.3771886537,-2.24702019
868.983,1.461538368,0.349974256,-39.45853335,3.250987056,-12.95057077,,177.0860936,1.191594008,-0.3763871133,-2.034719482
869.083,1.466682257,0.3446781632,-38.11720663,3.300180545,-12.98915805,,176.9023325,-0.2422192649,-0.427533748,-1.633739614
869.183,1.232003633,0.390530788,-35.82042593,3.254506036,-13.0314309,,176.7455586,-0.5254347449,-0.3973591213,-1.5378282
869.283,1.166981362,0.4163298135,-34.37961719,3.215634687,-13.06742613,,176.5893163,-0.1791692382,-0.3138070846,-1.604759441
869.383,1.185181932,0.4365577223,-33.89114874,3.217097449,-13.09506711,,176.4246665,0.222357014,-0.2349171226,-1.692703485
869.483,1.220280016,0.4562989887,-33.95002812,3.251751899,-13.11554768,,176.252421,0.4574152031,-0.1718748565,-1.751738707
869.583,1.243641978,0.4755857421,-34.16728233,3.301764457,-13.13035389,,176.0755923,0.5253544034,-0.121735298,-1.784834295
869.683,1.251607641,0.4924633093,-34.33714346,3.353688603,-13.14060379,,175.8959677,0.5012304058,-0.08126226982,-1.809846201
869.783,1.25069144,0.5049552807,-34.41082575,3.401630674,-13.1472303,,175.7136932,0.4520136657,-0.05023806108,-1.839499723
869.883,1.248014286,0.511954975,-34.41582895,3.444891948,-13.1512431,,175.5280938,0.4112618908,-0.03020835698,-1.87680482
869.983,1.247614513,0.5132971702,-34.39159095,3.484811358,-13.15381306,,175.3385309,0.3863185671,-0.02256114632,-1.918244519
870.083,1.250522867,0.5095692201,-34.36371827,3.522808785,-13.15619544,,175.144847,0.3726624086,-0.02738316803,-1.958172889
870.183,1.461125678,0.5443711525,-34.1937574,3.528098045,-13.15873208,,174.9547039,-0.4510522348,0.0253553542,-1.809563493
870.283,1.356582893,0.5026359748,-32.84635626,3.448843092,-13.14993055,,174.7789442,-1.128891016,0.1376289873,-1.712671895
870.383,1.260667443,0.4745647028,-31.41798762,3.329085167,-13.13448839,,174.606699,-1.183029873,0.1644006091,-1.753261406
870.483,1.256379733,0.4461632025,-30.62518926,3.221396095,-13.11842532,,174.4274083,-0.934673707,0.1501172546,-1.83880972
870.583,1.28814591,0.4191141608,-30.40299374,3.139631728,-13.10503374,,174.2406399,-0.6972899561,0.1114519903,-1.893291778
870.683,1.320803893,0.396477191,-30.46927173,3.076698991,-13.09607092,,174.0506748,-0.5709527402,0.06316662756,-1.899119869
870.783,1.396929359,0.3797274517,-30.59440104,3.016425744,-13.09184898,,173.863188,-0.7317491929,0.01969542252,-1.824132794
870.883,1.364455001,0.3699902479,-30.3374006,2.935168781,-13.09126652,,173.6844906,-0.8747164499,-0.007794315124,-1.751033698
870.983,1.350743533,0.3643791603,-30.07908842,2.846972291,-13.0927195,,173.5114683,-0.8749756002,-0.02043598379,-1.709458311
871.083,1.349776978,0.363008518,-29.93356653,2.761775906,-13.09489915,,173.3419363,-0.822921636,-0.02185904368,-1.679713544
871.183,1.352845335,0.3660169723,-29.89013728,2.681953589,-13.0967881,,173.1752391,-0.7733344009,-0.01403625929,-1.652239813
871.283,1.354519806,0.3728934166,-29.90034495,2.606186248,-13.09750951,,173.0112369,-0.7442897037,0.002030542936,-1.626293663
871.383,1.353082199,0.3825684508,-29.92473015,2.532433746,-13.09629207,,172.8496442,-0.7333149989,0.02505076293,-1.605054434
871.483,1.178511836,0.3050255386,-29.9872152,2.478388857,-13.1134767,,172.686694,-0.1731828862,-0.4591722997,-1.683395107
871.583,1.201067259,0.3444077128,-31.08337131,2.503639202,-13.18204629,,172.5120094,0.7029036574,-0.9280681632,-1.806109868
871.683,1.319159846,0.4262330049,-32.60551733,2.587117327,-13.28403005,,172.3319398,0.8710937571,-1.083664726,-1.771589053
871.783,1.339083057,0.4812669497,-33.53338859,2.665125741,-13.39313423,,172.1590343,0.6410853994,-1.083142515,-1.679016396
871.883,1.309640748,0.5283405508,-33.83727024,2.716677931,-13.49894233,,171.9943252,0.3793247251,-1.021740061,-1.619718535
871.983,1.271427594,0.5683623142,-33.79354444,2.746512956,-13.59739807,,171.8327926,0.2232953784,-0.9391758123,-1.621078847
872.083,1.243867585,0.599807983,-33.6564168,2.765762425,-13.68753522,,171.6686511,0.1693264802,-0.8585042669,-1.672822231
872.183,1.229961306,0.6218303427,-33.55538133,2.782438448,-13.77023659,,171.4978487,0.1676383354,-0.7933655187,-1.753030849
872.283,1.225690695,0.6344111544,-33.51730957,2.799671504,-13.84740453,,171.3184684,0.1762148021,-0.7502630033,-1.842537982
872.383,1.226522275,0.6381452382,-33.52116512,2.817417259,-13.92134198,,171.130204,0.17565412,-0.7306323807,-1.92893509
872.483,1.229655953,0.6341262216,-33.53883554,2.834563648,-13.99433558,,170.9337164,0.1638401026,-0.7327215896,-2.005379635
872.583,1.233978395,0.6238851861,-33.55254534,2.850203794,-14.06840372,,170.7301832,0.1461145461,-0.7529402758,-2.068314648
872.683,1.239188911,0.6092873419,-33.55626136,2.86402623,-14.14515459,,170.5210494,0.1283042045,-0.7866965994,-2.115921524
872.783,1.245104931,0.5923721156,-33.55103949,2.876208737,-14.2257123,,170.3078864,0.1139926338,-0.8289360899,-2.147556945
872.883,1.251407326,0.5751544997,-33.54010429,2.887170735,-14.31069028,,170.0922796,0.1043530675,-0.8745618316,-2.16368501
872.983,1.257594417,0.5594318849,-33.52619258,2.897378939,-14.40020557,,169.8757142,0.09920168525,-0.918836634,-2.165939087
873.083,1.263177617,0.5466474436,-33.51124337,2.907246465,-14.49393125,,169.6594636,0.09769384043,-0.9577295363,-2.15696829
873.183,1.267717198,0.5377905229,-33.49634058,2.91709229,-14.59118047,,169.4444998,0.09883385772,-0.9881925779,-2.140155764
873.283,1.270961468,0.5333605847,-33.48211466,2.927136873,-14.69101337,,169.2314371,0.1016592677,-1.008326505,-2.119228057
873.383,1.272796382,0.5333824247,-33.46900886,2.937506586,-14.79235477,,169.0205174,0.105260255,-1.017420684,-2.09784671
873.483,1.273295012,0.5374651767,-33.45737567,2.948241033,-14.89411048,,168.8116321,0.108818151,-1.015875481,-2.079265043
873.583,1.272653329,0.5448913567,-33.44745553,2.959300516,-14.99527093,,168.604377,0.1115779574,-1.005026184,-2.066054317
873.683,1.271133539,0.5547244341,-33.43933878,2.970577057,-15.09499411,,168.3981278,0.1129501546,-0.9869027572,-2.059962131
873.783,1.269074688,0.5659233147,-33.43293588,2.981910055,-15.19266246,,168.1921261,0.1124935521,-0.9639523691,-2.061841652
873.883,1.266817162,0.5774720159,-33.42859435,2.993100657,-15.28791129,,167.9855686,0.1098757997,-0.9387477236,-2.071678002
873.983,1.264631756,0.5884054259,-33.42490512,3.003932108,-15.38063003,,167.7776871,0.1051737065,-0.9137585493,-2.088763999
874.083,1.262793486,0.597958687,-33.42160531,3.014208393,-15.47094209,,167.5678116,0.09866986955,-0.8911308141,-2.111806621
874.183,1.261531209,0.6055902235,-33.4184111,3.023764586,-15.55916395,,167.355422,0.09070824279,-0.872519005,-2.139102748
874.283,1.260951017,0.6110031592,-33.41498669,3.032472456,-15.64575134,,167.140179,0.08168774231,-0.8589947209,-2.168758885
874.383,1.26110503,0.6141427769,-33.41099863,3.04024741,-15.73123922,,166.9219334,0.07208024957,-0.8510221086,-2.198906892
874.483,1.261969886,0.6151702349,-33.4061741,3.047051611,-15.8161822,,166.7007151,0.06234010507,-0.8484912893,-2.22786292
874.583,1.300705747,0.6146228938,-33.29463422,3.040396409,-15.90095202,,166.4802144,-0.2050454166,-0.8465743801,-2.183215717
874.683,1.267845478,0.6123926943,-32.9455417,3.015074192,-15.98552595,,166.26182,-0.2807212821,-0.845376757,-2.193237213
874.783,1.334976741,0.6918481485,-32.76946437,2.987291758,-16.06913721,,166.041149,-0.3426257143,-0.7336841782,-2.207248308
874.883,1.365612058,0.7513407566,-32.44673905,2.942777841,-16.11908837,,165.8206242,-0.602320852,-0.1543276577,-2.200930723
874.983,1.300612233,0.6227070198,-31.84327301,2.870132196,-16.1129542,,165.6002314,-0.8112530555,0.2235954433,-2.223393536
875.083,1.283726893,0.6360925217,-31.36533562,2.789317464,-16.0822894,,165.3746076,-0.7826536314,0.4634265199,-2.302873483
875.183,1.332957837,0.5439389565,-31.05383444,2.702710716,-16.02647763,,165.1439356,-0.9505311105,0.6193814676,-2.311467094
875.283,1.32113949,0.5089389544,-30.68168117,2.606586863,-15.95703117,,164.9111265,-0.9524082757,0.7529731511,-2.34969202
875.383,1.331381783,0.480228428,-30.48859129,2.514333299,-15.87865266,,164.6746097,-0.8857307663,0.8455886245,-2.381654656
875.483,1.349419797,0.4347194289,-30.44233749,2.42871864,-15.78575562,,164.4356115,-0.8268461097,0.9922411216,-2.394120294
875.583,1.365789541,0.3793003404,-30.46412642,2.347892799,-15.68648539,,164.1970019,-0.7921291824,0.9777852052,-2.370828048
875.683,1.377479561,0.3439973708,-30.493847,2.269630752,-15.59120478,,163.9621191,-0.7750367113,0.9207839113,-2.318935986
875.783,1.384297745,0.3200737539,-30.50959334,2.192729145,-15.5017681,,163.7333331,-0.7635896407,0.8648165833,-2.24916541
875.883,1.387088989,0.3054799308,-30.51133053,2.117028647,-15.41729146,,163.511971,-0.7500571934,0.8241243897,-2.171237591
875.983,1.386685902,0.2994441725,-30.50684124,2.04286695,-15.33600055,,163.2984765,-0.7324909248,0.8030248974,-2.092925348
876.083,1.383616433,0.3010434518,-30.50301456,1.970601598,-15.25590761,,163.0925983,-0.7122865858,0.8016113682,-2.020251382
876.183,1.340024539,0.30870787,-30.60998372,1.912919183,-15.17520322,,162.8901983,-0.4330178352,0.8150260711,-2.025489763
876.283,1.365613829,0.3212139614,-30.96055552,1.875048074,-15.09272429,,162.6891502,-0.3468959242,0.8380309779,-1.987332858
876.383,1.36672651,0.338101844,-31.20840066,1.839719051,-15.00745945,,162.4928209,-0.3728851111,0.8716893953,-1.935912819
876.483,1.354730988,0.3564578747,-31.31658751,1.800214229,-14.91839319,,162.3011676,-0.421818847,0.9141312219,-1.89774388
876.583,1.339585709,0.373652541,-31.33678166,1.756427388,-14.82486657,,162.1123269,-0.4541680884,0.9601916017,-1.881819544
876.683,1.3265236,0.3878463799,-31.32732065,1.710430315,-14.72679432,,161.9241219,-0.4651637713,1.003906749,-1.885743124
876.783,1.31686959,0.3979451016,-31.32197118,1.663989571,-14.62464829,,161.7348647,-0.4637950957,1.040398596,-1.902744023
876.883,1.310116386,0.4034438785,-31.33036114,1.617889466,-14.51930688,,161.5435709,-0.459293548,1.066605273,-1.925972517
876.983,1.305356802,0.4043223868,-31.34968414,1.572183227,-14.41187043,,161.3498777,-0.4564742374,1.081258389,-1.950054308
877.083,1.263827264,0.4006670154,-31.47934709,1.539273917,-14.30354363,,161.1507079,-0.1952518852,1.082369081,-2.035224812
877.183,1.181960803,0.3939277185,-31.87925585,1.537775671,-14.19589377,,160.9422499,0.2278345803,1.066285307,-2.148420118
877.283,1.221166885,0.3849573458,-32.77962517,1.580617588,-14.09067415,,160.7227516,0.655678006,1.032871893,-2.245441594
877.383,1.148813907,0.3775680963,-33.92527169,1.677816176,-13.98945769,,160.4914356,1.32199245,0.9852940422,-2.38437841
877.483,1.215153408,0.3300452329,-35.41538471,1.824360201,-13.89405201,,160.2513755,1.590082513,0.8713952301,-2.406406286
877.583,1.217303843,0.3345510657,-36.77717122,2.003951118,-13.81867067,,160.0084327,2.0240335,0.599815983,-2.449847391
877.683,1.281501266,0.370750164,-38.20025703,2.220619195,-13.76643501,,159.7631287,2.239846667,0.4573200823,-2.435488519
877.783,1.334117724,0.393013863,-39.19010274,2.437187831,-13.72342435,,159.524028,2.038308299,0.4098723346,-2.333624916
877.883,1.322580181,0.4130310195,-39.53996227,2.628613745,-13.68279878,,159.2952812,1.776954218,0.4086243904,-2.240350059
877.983,1.292753497,0.4305670015,-39.50898874,2.798038268,-13.64106892,,159.0738544,1.617428847,0.4306885135,-2.192753129
878.083,1.270030465,0.4444577219,-39.36185374,2.95679732,-13.59669183,,158.8551683,1.566640924,0.4598993636,-2.186464655
878.183,1.351153057,0.4715658851,-39.13167004,3.095522619,-13.54203759,,158.639753,1.117263521,0.6353418483,-2.107063067
878.283,1.298772439,0.4626746448,-38.28403513,3.183397797,-13.47444263,,158.4328699,0.6803497327,0.7130591257,-2.046899641
878.383,1.231525334,0.45474678,-37.41433774,3.249534017,-13.40136159,,158.2264946,0.6916385555,0.7457498335,-2.095836912
878.483,1.226778218,0.4421458271,-36.96849695,3.326188987,-13.32648418,,158.013496,0.8600676201,0.7476293439,-2.169624963
878.583,1.248865174,0.4267802559,-36.86677462,3.419359947,-13.2525595,,157.7939523,1.002226564,0.7262407703,-2.220647393
878.683,1.273938296,0.4108921468,-36.9214927,3.523289882,-13.18149336,,157.5708391,1.068401166,0.6909324277,-2.238594734
878.783,1.292737247,0.3959067012,-36.99490844,3.630940306,-13.11425613,,157.3471983,1.077414139,0.6505357418,-2.230857347
878.883,1.3049818,0.3826579761,-37.03008893,3.73815504,-13.05104157,,157.1250998,1.062760361,0.6113976942,-2.20810172
878.983,1.388120704,0.2861194557,-37.10688237,3.842928645,-12.99255131,,156.9058964,0.9536046518,0.4634168417,-2.150390372
879.083,1.33846806,0.3265669921,-36.77281931,3.926630343,-12.96671272,,156.6962996,0.7453564699,0.08384371907,-2.043596277
879.183,1.314590847,0.3585871501,-36.4101277,3.99966726,-12.96438959,,156.4948111,0.7351688236,-0.02128723741,-1.988107772
879.283,1.312215594,0.3732074374,-36.19253142,4.076004081,-12.96761873,,156.2975795,0.8001050783,-0.036590852,-1.956702554
879.383,1.319602578,0.385827356,-36.11206129,4.159129917,-12.97076492,,156.1030229,0.8625948019,-0.02204412732,-1.933925599
879.483,1.328045573,0.3997742903,-36.10396635,4.247230618,-12.9718329,,155.9105139,0.8959368588,0.004373778118,-1.916268459
879.583,1.423714005,0.3181086664,-36.01600292,4.319512008,-12.97650315,,155.7239056,0.452880208,-0.2322026064,-1.788469786
879.683,1.396231737,0.2972998218,-35.33742188,4.347486315,-13.01548305,,155.550329,0.06591647914,-0.6489911034,-1.668864486
879.783,1.448641355,0.4215658105,-34.53197272,4.34202382,-13.09720782,,155.3877101,-0.2888534035,-0.931545867,-1.559820173
879.883,1.369043037,0.4476839807,-33.2699149,4.286946676,-13.19488154,,155.2381446,-0.747692476,-1.047820192,-1.449617137
879.983,1.29972724,0.4981578393,-32.149408,4.213089425,-13.30093094,,155.0924411,-0.6688818993,-1.055236781,-1.483459679
880.083,1.350996941,0.4129259415,-31.62464504,4.151741036,-13.40840417,,154.9419072,-0.6220051618,-1.226364543,-1.508781795
880.183,1.402054178,0.4747133315,-31.25695623,4.090428811,-13.54485376,,154.7907011,-0.6601263289,-1.507521374,-1.503362058
880.283,1.518681212,0.5087919054,-30.73597948,3.998896294,-13.70333717,,154.6461123,-1.312882719,-1.676720138,-1.358322006
880.383,1.434136504,0.5775317346,-29.41506615,3.840140215,-13.87606309,,154.5157004,-1.862974015,-1.749884053,-1.257912342
880.483,1.532988097,0.5898135822,-27.96488256,3.618232505,-14.05642581,,154.3968533,-2.678918163,-1.842148386,-1.101380242
880.583,1.440200671,0.5749131223,-25.85524301,3.315134805,-14.24971318,,154.2933253,-3.352765739,-2.055013779,-0.981620786
880.683,1.323548128,0.6186744063,-23.9423768,2.979624086,-14.45862227,,154.1928874,-3.250949557,-2.104121761,-1.06008769
880.783,1.320927695,0.6287408088,-23.0157098,2.672403219,-14.66824404,,154.0802634,-2.854085472,-2.084631287,-1.206073818
880.883,1.354881863,0.6302459146,-22.84538897,2.402890291,-14.87572642,,153.9540684,-2.53800685,-2.065708617,-1.319954082
880.983,1.383701879,0.63150514,-23.01333813,2.157032095,-15.08178562,,153.8189556,-2.394871952,-2.056540686,-1.38073469
881.083,1.395095447,0.5922872989,-23.228097,1.919076023,-15.2876898,,153.6796733,-2.377462094,-2.108510223,-1.401744573
881.183,1.33673211,0.5664807983,-23.3615479,1.685515165,-15.52185291,,153.5391882,-2.213329918,-2.605212629,-1.425240313
881.283,1.25720622,0.6056819158,-23.7383322,1.480982686,-15.79576706,,153.3935068,-1.730278697,-2.894703997,-1.525829611
881.383,1.340537482,0.659565665,-24.68118045,1.322700214,-16.09146236,,153.2385899,-1.497054119,-3.001185451,-1.555344245
881.483,1.266782817,0.6972076324,-25.47102536,1.187843203,-16.39216548,,153.0798811,-1.143226972,-3.004470309,-1.637706628
881.583,1.267991591,0.7051321465,-26.44164663,1.083383775,-16.69443876,,152.9137475,-0.9170123157,-3.08178318,-1.694681472
881.683,1.233034079,0.7212054365,-27.25162272,0.9930664231,-17.00493643,,152.7437843,-0.8621379542,-3.159453509,-1.717025543
881.783,1.197358728,0.7970565796,-27.9110548,0.9110896951,-17.32527712,,152.5699939,-0.7447485009,-3.22481193,-1.776623835
881.883,1.152329866,0.8449337605,-28.73120308,0.8598341856,-17.64665823,,152.3831367,-0.2319697023,-3.194461176,-1.983273145
881.983,1.014240324,0.9111002476,-29.99603215,0.8745844994,-17.96094179,,152.1699286,0.6351381317,-3.042297959,-2.326261584
882.083,0.9898558038,1.063881605,-31.91901218,0.9689261608,-18.25263755,,151.923497,1.36834568,-2.613544669,-2.660856083
882.183,1.114820093,1.051163744,-34.21452083,1.125514495,-18.48896217,,151.6450403,1.706164983,-2.069999321,-2.906073638
882.283,1.092921798,1.062959139,-35.97135958,1.299764847,-18.66601453,,151.3455355,1.766236079,-1.467278254,-3.097595104
882.383,1.125713132,0.9983119952,-37.35678428,1.475654581,-18.79201171,,151.0276433,1.757453384,-1.09724198,-3.275399513
882.483,1.183005383,1.00561073,-38.31764335,1.642107365,-18.88075259,,150.6947767,1.516832348,-0.6587839233,-3.379205996
882.583,1.186772833,0.9989690778,-38.68403186,1.779546795,-18.92944402,,150.3535341,1.213712551,-0.2593181536,-3.454414572
882.683,1.17706259,0.8813506256,-38.69079742,1.89040797,-18.93837462,,150.0041813,1.006259187,0.02908487539,-3.539098098
882.783,1.175285559,0.7788770492,-38.56448491,1.986209573,-18.93579007,,149.6470502,0.9183582251,-0.009303316166,-3.605041679
882.883,1.18623519,0.6985710814,-38.44365627,2.077223392,-18.94285824,,149.2848691,0.9090177571,-0.1517744592,-3.634456722
882.983,1.205074204,0.6295659632,-38.37192792,2.16921014,-18.9656656,,148.9218536,0.9350151348,-0.3183356072,-3.617119779
883.083,1.225251287,0.572820886,-38.33934785,2.26438507,-19.00489888,,148.5626944,0.9710871962,-0.4756848006,-3.554741273
883.183,1.242724785,0.5583168554,-38.3204044,2.363185072,-19.05560118,,148.2112962,1.005942511,-0.4962145626,-3.464373653
883.283,1.254785222,0.5111927392,-38.30912459,2.465351686,-19.10594503,,147.8696706,1.039401671,-0.5208764071,-3.357604395
883.383,1.261379222,0.4942876896,-38.29268898,2.570905149,-19.15991682,,147.5391389,1.073774187,-0.5588901446,-3.244237969
883.483,1.192175514,0.4957863121,-38.48520717,2.704490503,-19.21705094,,147.2112996,1.615238105,-0.5822935871,-3.308740833
883.583,1.270190918,0.5114559014,-39.15166113,2.876205869,-19.27555252,,146.8823626,1.776040393,-0.5821196521,-3.249606205
883.683,1.369730785,0.5398089225,-39.6731206,3.051323226,-19.33261486,,146.5626093,1.62603196,-0.5495034594,-3.109379235
883.783,1.48871507,0.6458645005,-39.6024838,3.186844752,-19.3809549,,146.2635382,0.8540148719,-0.3082845246,-2.802380789
883.883,1.339111093,0.6304999814,-38.30394015,3.235295621,-19.39692456,,145.9953667,0.1212741871,-0.02154461248,-2.574159571
883.983,1.198042222,0.641212299,-36.84374982,3.238977552,-19.39134246,,145.7383152,0.03663624736,0.1325976743,-2.605641916
884.083,1.165201781,0.6498386448,-36.01867088,3.252540525,-19.37353063,,145.47119,0.2713067109,0.2224831822,-2.75650813
884.183,1.183873564,0.6525872478,-35.7899578,3.290963763,-19.34893477,,145.1886433,0.4994528721,0.2667403202,-2.900638096
884.283,1.212765291,0.6501554052,-35.86889293,3.347154449,-19.32154155,,144.8937998,0.6126326004,0.2776908291,-2.996680083
884.383,1.234366261,0.6433572906,-36.0137825,3.409748222,-19.29416346,,144.5914666,0.6270233818,0.2662070828,-3.049401139
884.483,1.246732675,0.6328582904,-36.10979568,3.471211711,-19.26864181,,144.2852013,0.5945785883,0.2404854407,-3.075857055
884.583,1.253866117,0.6195391355,-36.13827214,3.528909736,-19.24612793,,143.9769828,0.5560879531,0.2060587529,-3.088793365
884.683,1.259837164,0.6046211619,-36.12230976,3.583255346,-19.22730339,,143.6678663,0.5299912905,0.1668666276,-3.093511736
884.783,1.266660721,0.5895220172,-36.0890148,3.635683234,-19.21249029,,143.3586202,0.5185302855,0.1262289625,-3.090692558
884.883,1.274513602,0.5756165438,-36.0547545,3.687474242,-19.20168996,,143.0500195,0.5171985576,0.08723937834,-3.079907575
884.983,1.282747435,0.5640331265,-36.02501967,3.739398179,-19.19460634,,142.7428519,0.5209055838,0.0526865462,-3.06159288
885.083,1.29059177,0.5555347822,-35.99933104,3.791790316,-19.19068856,,142.4377999,0.5263358188,0.02478140124,-3.037494407
885.183,1.297597867,0.5504937852,-35.97588175,3.844738719,-19.18920038,,142.1353267,0.5318700303,0.004924541463,-3.010225119
885.283,1.303559902,0.5488961421,-35.95312088,3.89821291,-19.18930623,,141.8356194,0.5367412833,-0.006381883819,-2.982614961
885.383,1.308542605,0.5503810314,-35.92997869,3.952135078,-19.19016284,,141.5385884,0.5407212945,-0.009546005169,-2.957282529
885.483,1.388827927,0.6652487907,-35.96885973,4.005533736,-19.18686656,,141.2439847,0.4477098226,0.2182501752,-2.915906768
885.583,1.340630981,0.6132291563,-35.66287491,4.038594992,-19.14524008,,140.9554234,0.2333737335,0.6260061106,-2.869821393
885.683,1.318668283,0.5665325985,-35.33247964,4.059521787,-19.07396196,,140.6677797,0.2017277965,0.7792998757,-2.892100027
885.783,1.319591906,0.545553877,-35.13342905,4.081451633,-18.99404857,,140.376789,0.2436332148,0.8108245765,-2.931842842
885.883,1.331961828,0.5300791881,-35.061057,4.10808164,-18.91324994,,140.0821515,0.288525995,0.8002626349,-2.96137994
885.983,1.346809632,0.5157085386,-35.05498501,4.138272867,-18.83437782,,139.785416,0.3119263318,0.7734583347,-2.971926176
886.083,1.360002561,0.5020594663,-35.06343809,4.16985588,-18.75850288,,139.4884478,0.3163281002,0.7410627902,-2.965373997
886.183,1.370759285,0.4896337864,-35.06138093,4.201404246,-18.68590338,,139.1927238,0.3122772662,0.7086329723,-2.946942048
886.283,1.379753198,0.4790408791,-35.04503588,4.232488574,-18.61641885,,138.8992045,0.308004064,0.6794455702,-2.921351523
886.383,1.423999402,0.4708602596,-34.91602326,4.251093852,-18.54936242,,138.6124981,0.05509424371,0.662048785,-2.80961791
886.483,1.394966707,0.4650622905,-34.55034685,4.252365087,-18.48364853,,138.3341609,-0.008887668199,0.6523092106,-2.763278315
886.583,1.429065612,0.5384391344,-34.18225178,4.24043035,-18.39392596,,138.0612064,-0.2296741514,1.185455816,-2.704368993
886.683,1.403760804,0.4682087893,-33.74033886,4.215450062,-18.26397435,,137.7906006,-0.2469458208,1.385282591,-2.716674561
886.783,1.481218181,0.4778250427,-33.55683115,4.193097614,-18.12250876,,137.5178285,-0.2668608689,1.480656111,-2.718919418
886.883,1.52095885,0.5358834468,-33.25187072,4.157647426,-17.9644198,,137.2482095,-0.4977045798,1.802261883,-2.664430407
886.983,1.463527497,0.4402399257,-32.66475955,4.096058086,-17.76031454,,136.983564,-0.6978239314,2.234292913,-2.64367251
887.083,1.450332914,0.4135061917,-32.19362423,4.026703751,-17.53079339,,136.7178264,-0.6668297715,2.378563413,-2.679554632
887.183,1.46555167,0.3546310559,-31.97006597,3.964277156,-17.28044456,,136.4476249,-0.5747349361,2.601224565,-2.724980007
887.283,1.489827658,0.2923400802,-31.9228465,3.910652226,-17.01895597,,136.174396,-0.4993422309,2.609606305,-2.734222284
887.383,1.51342955,0.2759188785,-31.94355354,3.862890599,-16.75735972,,135.9019423,-0.4609964926,2.658434217,-2.710227003
887.483,1.840962401,0.08082413867,-31.58120261,3.753571726,-16.50672377,,135.6529831,-2.011840873,2.16501234,-2.17207936
887.583,1.671807554,0.047829007,-29.34267299,3.511934116,-16.31423356,,135.4515332,-2.740497233,1.592738656,-1.868309372
887.683,1.528610828,0.1420220733,-27.27823291,3.23313133,-16.17562204,,135.2711502,-2.714679819,1.22994782,-1.765573073
887.783,1.504462801,0.1051533993,-26.17786763,2.980518041,-16.07450611,,135.0955535,-2.282692436,0.7647978,-1.74565554
887.883,1.532370488,0.1690696982,-25.89038817,2.771625447,-16.00681436,,134.9223515,-1.888984132,0.618371288,-1.710855911
887.983,1.559545332,0.2085155847,-26.01925185,2.594201318,-15.94520815,,134.7541368,-1.672564022,0.62845157,-1.644680475
888.083,1.567818452,0.2479578679,-26.23757502,2.431044128,-15.87950472,,134.5932408,-1.604863421,0.697196376,-1.568534898
888.183,1.558564602,0.2900536414,-26.39577098,2.270594757,-15.80551644,,134.4393487,-1.613162277,0.7931784493,-1.509892765
888.283,1.539504242,0.2901291788,-26.47634298,2.108057888,-15.72180391,,134.2898757,-1.641051391,0.8443090606,-1.482098509
888.383,1.46132876,0.2465487338,-26.50796527,1.948824512,-15.67715397,,134.1427626,-1.456630308,0.02857236779,-1.479362871
888.483,1.482363463,0.3826560855,-26.83110347,1.811138356,-15.68787251,,133.9943861,-1.320350033,-0.1937334119,-1.486152148
888.583,1.480108676,0.4521258692,-27.11631213,1.679468169,-15.70743392,,133.8458173,-1.330029553,-0.1777378947,-1.488175089
888.683,1.46226159,0.457109924,-27.27768299,1.543940342,-15.72230928,,133.6962822,-1.388194607,-0.1557606639,-1.507577789
888.783,1.367036102,0.5045016216,-27.53440326,1.42740859,-15.74716551,,133.5375686,-0.9277456383,-0.3231183712,-1.676163536
888.883,1.381015578,0.5352798852,-28.31252001,1.354551279,-15.78780622,,133.362708,-0.5645317925,-0.4780360483,-1.81623646
888.983,1.41730705,0.5774238971,-29.10974707,1.299210455,-15.83716961,,133.1786958,-0.5887150838,-0.4993700921,-1.85887503
889.083,1.297341733,0.5741912835,-29.54210057,1.243529507,-15.88950058,,132.9893089,-0.3746182515,-0.5908445667,-1.975616619
889.183,1.299178406,0.5651102557,-30.32725632,1.219627772,-15.9523681,,132.7856387,-0.06730538347,-0.7053339433,-2.110766845
889.283,1.276752521,0.6103874499,-31.1117303,1.217552884,-16.02998155,,132.5715937,0.05106612663,-0.8324965517,-2.182271545
889.383,1.329640836,0.6266000717,-31.89669849,1.22750839,-16.11547781,,132.3503164,0.1005193642,-0.8745947956,-2.233870539
889.483,1.02073719,0.4825790974,-32.26998267,1.2520993,-16.20854781,,132.1213087,0.692911394,-1.173768681,-2.425969056
889.583,1.199571705,0.5812709033,-34.055489,1.374048861,-16.35668495,,131.865066,1.635601426,-1.744412328,-2.66117413
889.683,1.293079059,0.6427066426,-35.93192607,1.555116651,-16.54153765,,131.5957518,1.890370024,-1.933283807,-2.696286225
889.783,1.347564203,0.6405779815,-37.21240976,1.733857494,-16.73847859,,131.3303305,1.618825826,-2.041165179,-2.593808841
889.883,1.249304255,0.7079681515,-37.59472967,1.880311839,-16.94844541,,131.0758281,1.370231245,-2.135530476,-2.520563773
889.983,1.150169803,0.721992652,-37.86130091,2.028003443,-17.16502063,,130.8196158,1.738091332,-2.23406557,-2.653315474
890.083,1.239767325,0.7746143784,-38.65999886,2.214544584,-17.3910362,,130.5491927,1.937905668,-2.272551446,-2.744050081
890.183,1.271015428,0.8119569755,-39.24866922,2.40554072,-17.6176537,,130.2735938,1.848124034,-2.252268356,-2.765618901
890.283,1.26445951,0.842065537,-39.49858576,2.583106225,-17.84121903,,129.9962364,1.690826655,-2.213852869,-2.78728528
890.383,1.245680616,0.8649777769,-39.5196983,2.746254618,-18.0607894,,129.7155032,1.571542768,-2.174476309,-2.83717093
890.483,1.230402195,0.8801373466,-39.4524974,2.90010084,-18.27678609,,129.4284781,1.507846754,-2.144505182,-2.913639071
890.583,1.223664818,0.887844408,-39.38392647,3.049422372,-18.49044757,,129.1330867,1.479759447,-2.12958938,-3.003123569
890.925,1.223807118,0.8892905333,-39.3474497,3.172225837,-18.66786991,,128.8800252,1.46652502,-2.129807931,-3.077806647
890.925,1.223807118,0.8892905333,-39.3474497,3.172225837,-18.66786991,,128.8800252,1.46652502,-2.129807931,-3.077806647
890.925,1.223807118,0.8892905333,-39.3474497,3.172225837,-18.66786991,,128.8800252,1.46652502,-2.129807931,-3.077806647
890.992,1.245349703,0.8679494914,-39.29579418,3.639615962,-19.37076378,,127.8413727,1.403315516,-2.214167183,-3.297525591
891.092,1.368412616,1.011939921,-39.23562047,3.765202814,-19.5543276,,127.5120596,1.01849812,-1.371449349,-3.274161146
891.192,1.395873223,0.9169898555,-38.57315813,3.836331011,-19.65987232,,127.1895513,0.3611158802,-0.7483953893,-3.173630152
891.292,1.347402466,0.8325021383,-37.46102439,3.853605068,-19.71688705,,126.8729932,-0.01790207324,-0.4290172753,-3.163503805
891.392,1.299453749,0.7887354371,-36.2306823,3.831269978,-19.74233462,,126.5587628,-0.3736263894,-0.1057824466,-3.146828966
891.492,1.370378605,0.756478352,-35.1992696,3.782981791,-19.74240828,,126.2441493,-0.6248644621,0.123960017,-3.136933571
891.592,1.452804667,0.7411868773,-34.02059868,3.692094181,-19.7074391,,125.9373785,-1.311001517,0.6826856253,-2.967450054
891.708,1.562602333,0.8376701164,-32.36696061,3.525057636,-19.60517166,,125.649572,-2.192928549,1.64060116,-2.753433732
891.792,1.458403624,0.6912709921,-30.40538502,3.316789899,-19.42618431,,125.424594,-2.744180917,2.660707874,-2.680281039
891.892,1.385808011,0.4217460605,-28.26214111,3.00087058,-19.08514992,,125.1038858,-2.543355705,3.067903833,-2.850164633
891.992,1.476572616,0.3887019374,-27.49539544,2.760827768,-18.76316195,,124.8128698,-2.313783619,3.475837814,-2.948306869
892.108,1.505292722,0.3740178509,-27.07781268,2.536911686,-18.38259946,,124.515438,-2.150004865,4.21611298,-3.002744728
892.175,1.541728988,0.2077391502,-26.99005853,2.362778426,-18.0166327,,124.2646522,-2.025086988,4.559401472,-3.007985865
892.275,1.587495272,0.1624042162,-27.00914301,2.164892535,-17.51951219,,123.9642268,-1.939683794,5.419946651,-2.993512839
892.417,1.621874575,-0.03801769714,-27.07823832,1.973404193,-16.96411855,,123.6679151,-1.89309945,5.622327543,-2.914497468
892.525,1.641341376,-0.1239233118,-27.1085937,1.832497239,-16.54343704,,123.452415,-1.864781405,5.577038712,-2.816181642
892.592,1.622401165,-0.2077985375,-27.12051551,1.633032682,-15.94564657,,123.1560841,-1.811883097,5.444407568,-2.634324449
892.958,1.601474939,-0.2445392067,-27.12327628,1.513652031,-15.58504889,,122.9840967,-1.765815867,5.364554376,-2.507746266
892.958,1.601474939,-0.2445392067,-27.12327628,1.513652031,-15.58504889,,122.9840967,-1.765815867,5.364554376,-2.507746266
892.958,1.601474939,-0.2445392067,-27.12327628,1.513652031,-15.58504889,,122.9840967,-1.765815867,5.364554376,-2.507746266
893.017,1.546892193,-0.2975228632,-27.20910808,0.9136695737,-13.66006073,,122.1974504,-1.523259478,5.223438315,-1.781225767
893.133,1.906845435,-0.6614688142,-27.6398606,0.7717812882,-13.18413815,,122.041633,-1.947355839,4.756041422,-1.499598989
893.208,1.723444725,-0.3179969973,-25.81222196,0.4552289673,-12.69517393,,121.9009604,-3.363015707,3.826902735,-0.9441825916
893.275,1.576855954,-0.2275160877,-24.18556565,0.1915383117,-12.41153436,,121.8359912,-3.603629097,3.762864154,-0.7982125547
893.383,1.518807026,-0.1379964095,-22.64491441,-0.1600359651,-12.02418951,,121.7576941,-3.346242796,4.009703296,-0.7870872771
893.5,1.580135822,-0.02800714326,-21.86278607,-0.5153927254,-11.57486774,,121.6723946,-3.196631465,4.392849125,-0.8031468504
893.592,1.558408679,0.01625648174,-21.53031815,-0.8509758892,-11.05916716,,121.5801813,-2.987966548,5.150202448,-0.9159940183
893.692,1.645400398,-0.008269666087,-21.4526568,-1.161012515,-10.51984683,,121.485974,-3.313954791,5.61092063,-0.9624541888
893.808,1.498936783,-0.01046535322,-20.84587493,-1.501097077,-9.946115404,,121.3853766,-3.372338111,5.897931885,-1.082995519
893.875,1.302191089,-0.0540767732,-20.8336879,-1.745616228,-9.449041392,,121.2849834,-2.346044117,6.0193644,-1.351884856
893.975,1.2687803,-0.1043422535,-22.47036952,-1.910039892,-8.846103026,,121.1355336,-0.8657275378,6.016690321,-1.637957919
894.083,1.256301314,-0.1559264175,-25.08429126,-1.945738456,-8.248733143,,120.9646266,0.2374580408,5.909854148,-1.779755563
894.183,1.307242161,-0.2540011378,-28.33640845,-1.876737666,-7.61756668,,120.7699553,0.9802689677,5.673773034,-1.787896266
894.283,1.33229959,-0.4154769186,-31.06519943,-1.757252366,-7.083485919,,120.5957179,1.345448173,4.866994187,-1.662172315
894.383,1.329736502,-0.4222173426,-33.06610236,-1.626324135,-6.634518518,,120.4400773,1.243227769,4.016505409,-1.423309011
894.483,1.131515575,-0.4386868785,-34.34948195,-1.485475884,-6.272571611,,120.3077277,1.780893833,3.129678852,-1.218603213
894.583,1.120397416,-0.4134962264,-36.20225418,-1.269487814,-6.002808356,,120.1957265,2.603653473,2.228790307,-1.001081104
894.683,1.281309226,-0.2752786477,-38.45034639,-0.9808784249,-5.80866376,,120.106752,3.041819133,1.71512486,-0.7504654093
894.783,1.352996255,-0.1863027509,-40.15982337,-0.6735874713,-5.645527939,,120.0427499,3.024234286,1.537503042,-0.5144731965
894.883,1.337728326,-0.2413797499,-41.24471783,-0.3728015974,-5.513884906,,120.0005757,2.956414995,0.942832654,-0.3143730369
894.983,1.364415402,-0.1030605959,-41.83394563,-0.09206538364,-5.456638985,,119.9783319,2.545640619,0.1965657491,-0.1192927383
895.083,1.380144879,0.02215254868,-41.71162872,0.1402314977,-5.467116424,,119.9734224,1.957544472,-0.4197049946,0.02987764165
895.183,1.555287742,0.1436939464,-40.84668921,0.2866291957,-5.536292867,,119.9830397,0.6176638936,-0.9794360658,0.185119576
895.283,1.354870616,0.3051719142,-38.03648132,0.2694561764,-5.659062263,,120.0076706,-1.02381604,-1.44046353,0.293779183
895.383,1.084016728,0.4596966962,-34.43988626,0.1234490039,-5.810024776,,120.0359833,-1.768087814,-1.516820646,0.2350282824
895.483,0.9121008363,0.558445858,-31.71654446,-0.04067046247,-5.954115596,,120.0499873,-1.361419305,-1.336443444,0.007225400232
895.583,0.9119151713,0.6041733991,-30.63424193,-0.1446827099,-6.079002945,,120.0382907,-0.6760414871,-1.155572788,-0.2642027755
895.683,0.9580770722,0.6224650986,-30.63539406,-0.1885993207,-6.188873485,,120.0004306,-0.217229098,-1.045575585,-0.5073042316
895.783,0.9940534004,0.622194209,-31.02766661,-0.2005997465,-6.291147496,,119.9403355,-0.05130828409,-1.007455728,-0.7048172477
895.883,1.047387768,0.6071502007,-31.27933869,-0.2186016522,-6.392348779,,119.8638637,-0.3370764061,-1.024624464,-0.8330366656
895.983,1.071533005,0.5789919016,-31.12190238,-0.2655364154,-6.496906888,,119.7756765,-0.6776841804,-1.075842212,-0.9299803085
896.083,1.018296387,0.5406175169,-30.5954886,-0.3426117278,-6.607660454,,119.6787579,-0.8266036647,-1.148542244,-1.0163692
896.183,1.007075158,0.4951785114,-30.21586437,-0.4236321984,-6.726535231,,119.5738206,-0.7724596274,-1.239498189,-1.084062565
896.283,1.014036873,0.4494106555,-30.06986352,-0.4962411513,-6.855161444,,119.4637895,-0.6734316771,-1.343063539,-1.113252746
896.383,1.027607437,0.4090806957,-30.07807459,-0.5599347528,-6.994299651,,119.3527772,-0.6022705713,-1.447634479,-1.100836276
896.492,1.036953552,0.378155534,-30.1412132,-0.6183330509,-7.143452336,,119.2446371,-0.5691552699,-1.540365575,-1.054924402
896.592,1.03918728,0.4456344707,-30.1949964,-0.6792368321,-7.313296464,,119.1338685,-0.5582831345,-1.496589322,-0.9882424371
896.692,1.039414796,0.5616015879,-30.22504113,-0.7354672386,-7.397467186,,119.0342219,-0.5712398081,-0.0807954856,-1.020814945
896.792,1.034001378,0.3816023529,-30.26853972,-0.7931813048,-7.375951594,,118.9303073,-0.583571588,0.4352984108,-1.059061537
896.892,1.02898721,0.3158700932,-30.29002955,-0.8516114933,-7.326099167,,118.8233688,-0.58459855,0.5373598193,-1.079494248
896.992,1.025198711,0.2808884395,-30.3093009,-0.9097127585,-7.272469483,,118.7152473,-0.5770465194,0.5251286211,-1.081148113
897.092,1.021781223,0.2558772288,-30.33266055,-0.9668332192,-7.221769649,,118.6077918,-0.5652281379,0.4833737164,-1.065035324
897.192,1.017027364,0.2189926634,-30.36138252,-1.022610637,-7.183087278,,118.5031162,-0.5499303907,0.2890549361,-1.023317889
897.292,1.086596744,0.1140884193,-30.47685125,-1.077600812,-7.167199305,,118.4037773,-0.6316751811,-0.06364060028,-0.9422337018
897.392,1.055793102,0.1807411235,-30.0625495,-1.165132578,-7.198182314,,118.3171029,-1.097610243,-0.5118174756,-0.7897795018
897.492,0.9767791386,0.2283242642,-29.38741007,-1.27981963,-7.255384216,,118.2425038,-1.150125727,-0.6091683436,-0.7055014782
897.592,0.9439938188,0.2558702237,-28.99671182,-1.389314221,-7.316032071,,118.1743222,-1.017743072,-0.5929079329,-0.6597976015
897.692,0.932404061,0.2819159813,-28.90476546,-1.48426619,-7.373080809,,118.109772,-0.8777039799,-0.5405646291,-0.6325291784
897.792,0.9231068233,0.3099721552,-28.97736029,-1.567627517,-7.424202373,,118.0473304,-0.793890336,-0.4752669463,-0.6187605689
897.892,0.7621573614,0.4857572146,-29.20884793,-1.620623735,-7.450174038,,117.9813869,-0.08285912242,0.1572563091,-0.7409826557
897.992,0.7107864981,0.3919772156,-30.4434176,-1.591710954,-7.410581261,,117.9000485,0.8543064463,0.5842445976,-0.914860585
898.092,0.6937468929,0.4798017917,-32.49728479,-1.465605,-7.337124143,,117.8010292,1.721137853,0.963434398,-1.08129863
898.192,0.8229082968,0.4375817314,-34.99001477,-1.266119591,-7.224598825,,117.6867362,2.129269609,1.288087971,-1.193081359
898.292,0.8886327265,0.3758772062,-36.72415286,-1.065733174,-7.08767011,,117.5662526,1.788118149,1.418782991,-1.212194176
898.392,0.8643202498,0.3758264481,-37.35916513,-0.9079603829,-6.942552298,,117.4447687,1.346317736,1.521817753,-1.224325966
898.492,0.8197101838,0.3249213613,-37.34950059,-0.7871162025,-6.788460542,,117.3212526,1.082721105,1.542606359,-1.250811082
898.592,0.790523595,0.2835804476,-37.14333196,-0.6834759792,-6.636197,,117.1950387,1.007002446,1.492110257,-1.275036448
898.692,0.8611007757,0.2875829604,-37.05743751,-0.5828697072,-6.489831189,,117.0672478,0.9301908811,1.476062659,-1.271313804
898.792,0.8054335149,0.2153249059,-36.67388372,-0.4998241658,-6.339643102,,116.941682,0.7617893615,1.506445285,-1.239925468
898.892,0.8972710019,0.1065258235,-36.30272707,-0.4376161496,-6.199338996,,116.8213163,0.4120668029,1.242701635,-1.150961511
898.992,0.7959327222,0.0895031096,-35.44493994,-0.4088633352,-6.102124258,,116.7118524,0.2246017145,0.7263133859,-1.035174632
899.092,0.7554923903,0.08555666908,-34.84422549,-0.3821423851,-6.042007037,,116.6129276,0.3440025176,0.4453424152,-0.9348645528
899.192,0.7439146649,0.1164076148,-34.62260458,-0.3395640868,-6.004028751,,116.5241414,0.5161902475,0.3322419686,-0.8340379835
899.292,0.7336061166,0.1370961216,-34.64380083,-0.281988451,-5.97168696,,116.4452851,0.6315483746,0.3242627516,-0.7377369328
899.392,0.7120188543,0.1625715252,-34.74565145,-0.2160580363,-5.93781185,,116.3755166,0.6809537426,0.3618639585,-0.6551872887
899.492,0.6782336944,0.1935547934,-34.83829522,-0.1472015951,-5.898868176,,116.313007,0.6920252701,0.4256989163,-0.595733497
899.592,0.6355415096,0.2269917903,-34.89823671,-0.07795796505,-5.85276355,,116.25518,0.6909874554,0.504641389,-0.5642335039
899.692,0.5880918287,0.2592833174,-34.93429271,-0.008830569934,-5.798449883,,116.199213,0.690880805,0.5887230101,-0.5604407149
899.792,0.538129284,0.2873287777,-34.96134222,0.06045123129,-5.735833606,,116.1424985,0.6942137261,0.6690002287,-0.5802493263
899.892,0.4871566273,0.3088829827,-34.98794173,0.1301518995,-5.665649764,,116.0829537,0.6989305191,0.7381246029,-0.6173445272
899.992,0.4351818003,0.3226435936,-35.01580874,0.2003010767,-5.589259693,,116.019177,0.7028279983,0.7911603765,-0.6645285647
900.092,0.4590619299,0.3292952334,-34.79505271,0.243414025,-5.508488924,,115.9530315,0.1454464155,0.8266074466,-0.6658554248
900.192,0.4513635816,0.3271293573,-34.01735731,0.2347557512,-5.424419316,,115.8858456,-0.3607715788,0.8558446057,-0.6811596141
900.292,0.4861390574,0.4075008626,-32.89410887,0.1734654875,-5.326120129,,115.8165635,-1.059980392,1.207573692,-0.700640388
900.392,0.4667943266,0.4241146119,-30.88306698,0.01144350891,-5.172135281,,115.7459172,-2.249421746,1.936970736,-0.7261588708
900.492,0.2413167807,0.306930597,-28.23329516,-0.2389451781,-4.955628893,,115.6689183,-2.682101198,2.392838132,-0.8305678424
900.592,0.1082909859,0.1947743428,-26.33149197,-0.4969227498,-4.708643822,,115.5800239,-2.373940779,2.513353204,-0.953468056
900.692,0.08707535151,0.1096707506,-25.61015303,-0.7117758516,-4.458709618,,115.4810703,-1.897895777,2.464037784,-1.018348634
900.792,0.08984549316,0.03719562889,-25.62541789,-0.8856414558,-4.217275398,,115.3793497,-1.592129195,2.348835485,-1.002685418
900.892,0.07537974547,-0.0218750207,-25.87618831,-1.038502713,-3.988372224,,115.2824065,-1.484242289,2.218680843,-0.9212841463
900.992,0.02755367076,-0.06539108099,-26.08500564,-1.186446097,-3.771935152,,115.1956927,-1.486493095,2.104889347,-0.798725474
901.092,-0.05552986303,-0.09246855012,-26.18328932,-1.336355103,-3.565410632,,115.1222858,-1.515088192,2.025295469,-0.656647068
901.192,-0.1714957697,-0.1034471912,-26.20593782,-1.488587762,-3.364964888,,115.0633567,-1.528079945,1.98738153,-0.5111433312
901.292,-0.318347978,-0.09970747289,-26.20624726,-1.641030553,-3.166361473,,115.0186806,-1.517884019,1.99165668,-0.3739476408
901.392,-0.4999487136,-0.08294335403,-26.21840256,-1.791656998,-2.965484574,,114.9870063,-1.492022676,2.035902323,-0.2537434141
901.492,-0.7064212601,-0.05732250334,-26.25417223,-1.939351834,-2.758546993,,114.9663327,-1.460239167,2.114023905,-0.1566718193
901.592,-0.9284667501,-0.02635787888,-26.31075895,-2.083876304,-2.542628523,,114.9541588,-1.429474852,2.215795599,-0.08634483105
901.692,-1.156876222,0.006279779781,-26.38009056,-2.225499802,-2.315840398,,114.947746,-1.402784063,2.330820692,-0.0436664326
901.792,-1.384483861,0.03713822046,-26.45435979,-2.364665878,-2.077321886,,114.944389,-1.380639683,2.449092049,-0.02687110135
901.892,-1.605874441,0.06330014204,-26.52796015,-2.501803203,-1.827168623,,114.9416695,-1.362390233,2.561687237,-0.03187813142
901.992,-1.817151969,0.08262170591,-26.59747208,-2.637262706,-1.566296515,,114.9376611,-1.347227905,2.661347522,-0.05291329486
902.092,-2.015778927,0.09386082066,-26.6608411,-2.771322438,-1.296254746,,114.9310638,-1.334530209,2.742892225,-0.08327685727
902.192,-2.200326878,0.09669502231,-26.7167974,-2.904208318,-1.019007074,,114.9212603,-1.32387799,2.803414516,-0.116128254
902.292,-2.370262073,0.09164155032,-26.76459583,-3.036111419,-0.7367041802,,114.9082971,-1.314989509,2.842246728,-0.1451892701
902.392,-2.525706231,0.07990228732,-26.80395599,-3.167198072,-0.4514692386,,114.8928008,-1.307664339,2.860719726,-0.1653005964
902.492,-2.667263408,0.06332254213,-26.83502305,-3.297617136,-0.1652149906,,114.8758481,-1.301744068,2.861860354,-0.1727951773
902.592,-2.937485705,-0.002573529285,-26.98066621,-3.403452346,0.1201481259,,114.8588911,-0.6321455558,2.790492809,-0.1580457602
902.692,-3.200774749,-0.232113453,-28.13818172,-3.416799868,0.3716608351,,114.846806,0.6394838115,1.946270818,-0.05101150482
902.792,-3.032210084,-0.06751225524,-30.69078366,-3.317268967,0.5194901415,,114.8503354,1.170838894,1.093248485,0.1351420988
902.892,-3.048990288,-0.0008453392517,-32.42840407,-3.211771208,0.6072468989,,114.872067,0.8432732577,0.6999087664,0.3064418491
902.992,-3.166731848,0.07009101045,-33.05115151,-3.148791578,0.672652392,,114.908967,0.3937756136,0.6356794426,0.4326934961
903.092,-3.481736997,0.0808966522,-32.96049483,-3.109114183,0.7381436457,,114.9565165,0.5777872243,0.6417316077,0.5217745024
903.192,-3.653012966,0.1622433254,-33.83416097,-2.997057281,0.8007245164,,115.0126269,1.780787394,0.6335844603,0.6031568354
903.292,-3.511308271,0.2187270164,-35.8923359,-2.790529419,0.8667711649,,115.0756,2.204067079,0.696850112,0.6507379813
903.392,-3.505986381,0.2729112099,-37.28220898,-2.579639092,0.9402018183,,115.1409915,1.935114558,0.7816136238,0.6467943305
903.492,-3.57396344,0.3196701606,-37.76820615,-2.403768363,1.022815085,,115.2037987,1.562666184,0.8798042461,0.5974227059
903.592,-3.654439597,0.3242411383,-37.70795667,-2.259528287,1.111948417,,115.2603422,1.330453492,0.858988114,0.5254298206
903.692,-3.715175769,0.3647291791,-37.47101269,-2.131070446,1.197511831,,115.3092772,1.250991096,0.8643156275,0.4437008034
903.792,-3.482617714,0.3759547412,-37.21410038,-2.038594465,1.285298726,,115.3490637,0.3486246894,0.8942495335,0.3354771773
903.892,-3.68761171,0.3747603229,-35.33173322,-2.053793709,1.376360302,,115.3768851,-0.5314523514,0.931418547,0.2124403129
903.992,-3.810306336,0.35333103,-33.55594541,-2.108915425,1.470928599,,115.3936574,-0.4710692199,0.9569499644,0.1205816404
904.092,-3.623952594,0.2628826024,-32.57184623,-2.168941924,1.55958544,,115.4026056,-0.9594829267,0.7102331931,0.05617190309
904.192,-3.743586278,0.2726792175,-30.99034458,-2.277537865,1.621185525,,115.4066684,-1.117360127,0.5370604124,0.02850130176
904.292,-3.74243727,0.2489652822,-29.92558476,-2.39231014,1.670957185,,115.4094161,-1.14029539,0.4585382874,0.0307593113
904.392,-3.755344212,0.2197245214,-29.25838037,-2.498260295,1.714095135,,115.4138792,-0.9514289022,0.4002513965,0.06474038007
904.492,-3.735525512,0.1943571216,-29.04837534,-2.584703804,1.751568954,,115.4228426,-0.7776322913,0.3451532273,0.1206837343
904.592,-3.716013446,0.1421864753,-29.06708133,-2.657980636,1.76859076,,115.4389239,-0.6978994216,-0.002669110797,0.2097074589
904.692,-3.707716184,0.09352902224,-29.1308084,-2.727052409,1.757751984,,115.464331,-0.6933052543,-0.2986791055,0.3097348432
904.792,-3.710495782,0.1646308256,-29.14819862,-2.797487272,1.715780945,,115.5002045,-0.7212654517,-0.5085397897,0.4121903428
904.892,-3.720824844,0.2021558865,-29.12803175,-2.871014662,1.662919975,,115.5454389,-0.7520823715,-0.5341135086,0.494089166
904.992,-3.734636067,0.2351002757,-29.08573524,-2.947238751,1.61104848,,115.5977081,-0.7736137731,-0.4931269008,0.5500993872
905.092,-3.749940482,0.2229638247,-29.04357868,-3.025138606,1.553951674,,115.6549317,-0.7850134352,-0.6868548937,0.5958451651
905.192,-3.764254661,0.2937370383,-28.99937157,-3.103821827,1.482327711,,115.7158112,-0.7896955888,-0.7215451307,0.6171017465
905.292,-3.778917835,0.3386963454,-28.96685061,-3.18286944,1.412508504,,115.7774325,-0.7927383691,-0.6628157994,0.6086164966
905.392,-3.793521361,0.3730919433,-28.94117667,-3.262235602,1.349851385,,115.8369736,-0.7962814912,-0.5828482877,0.5741602279
905.492,-3.807413608,0.3819588618,-28.91967293,-3.341995762,1.287659628,,115.8925477,-0.8005228753,-0.6544128891,0.5303381986
905.592,-3.81913804,0.4154702756,-28.89564081,-3.422199576,1.222693648,,115.9430997,-0.8053701207,-0.6358190592,0.4726319612
905.692,-3.828519341,0.4317271895,-28.87235448,-3.502942258,1.160815233,,115.987435,-0.8114112227,-0.5988457082,0.4063769968
905.792,-3.835290372,0.4377844022,-28.84790171,-3.58434125,1.102342045,,116.0249953,-0.8185410552,-0.5705975417,0.337991281
905.892,-3.839389138,0.4361442726,-28.82145666,-3.666496116,1.045992636,,116.055842,-0.8265684872,-0.5581189197,0.27330251
905.992,-3.841010458,0.4284707231,-28.79290979,-3.74948838,0.9901385823,,116.080573,-0.835312721,-0.5618306926,0.2170632309
906.092,-3.8405291,0.4164491963,-28.76239585,-3.833382946,0.9332507772,,116.1002,-0.8446387524,-0.5794427512,0.1726368267
906.192,-3.838472691,0.4018676676,-28.73022037,-3.918230248,0.8740968868,,116.1160011,-0.8543561251,-0.6073519827,0.1418590058
906.292,-4.02447881,0.2836596901,-28.54890892,-3.997389184,0.8034142013,,116.1299625,-0.4974393221,-0.9033706132,0.1471344716
906.392,-4.011904154,0.3284248742,-29.47630444,-3.995895056,0.688830461,,116.1475042,0.6255055332,-1.359674003,0.2125294522
906.492,-4.017929187,0.3339362837,-31.1809919,-3.901144899,0.540503429,,116.1723461,1.386646972,-1.642876073,0.2938497406
906.592,-3.843488336,0.3777482278,-33.26811221,-3.746540764,0.3682723804,,116.2055026,1.567135417,-1.788660441,0.3714276365
906.692,-3.873740778,0.4163337604,-34.42232348,-3.603907376,0.1871708803,,116.2452792,1.292920797,-1.822362499,0.4226096535
906.792,-4.008363956,0.3765566401,-35.07527694,-3.464420502,-0.00926208829,,116.2897849,1.624256171,-2.141830641,0.4700676569
906.892,-3.949588062,0.475878758,-36.15174262,-3.28445462,-0.2323809744,,116.3384328,1.979913587,-2.287235429,0.4996030237
906.992,-3.735708358,0.6507015432,-37.29818336,-3.087233953,-0.4567790274,,116.3883972,1.749829039,-2.043555715,0.4863922418
907.092,-3.747586413,0.6809001942,-37.14149483,-2.961705489,-0.6238466875,,116.4332839,0.6917516873,-1.275910716,0.3914077753
907.192,-3.69316411,0.7969621366,-35.96627224,-2.939723982,-0.7186889037,,116.4658283,-0.4177697309,-0.4556004441,0.2313663193
907.292,-3.756693681,0.7762513921,-33.80884031,-3.027893981,-0.7193892012,,116.4789882,-1.368357276,0.5250764296,0.002299933122
907.375,-3.822554995,0.729308376,-32.21274555,-3.127826127,-0.6680857102,,116.4741802,-1.640195249,1.06647439,-0.1696649564
907.475,-3.74640926,0.6602323607,-30.05724681,-3.327713941,-0.5006613379,,116.4383537,-1.915686131,1.867969257,-0.4619044911
907.575,-3.736725632,0.4870057082,-28.3234059,-3.537898715,-0.2898374586,,116.3818992,-2.268410008,2.28180674,-0.6748102482
907.675,-3.801047447,0.3420208635,-26.79488413,-3.76572994,-0.06024884752,,116.3075348,-2.202517063,2.268306728,-0.8093689691
907.775,-3.767833938,0.2199969193,-26.01182035,-3.971936998,0.159465331,,116.2239922,-1.89056471,2.095347158,-0.8493775885
907.875,-3.700668666,0.1116483801,-25.81107041,-4.148413812,0.3585462996,,116.1407327,-1.641775172,1.861334387,-0.7983302431
907.975,-3.637738075,0.02070547527,-25.87307421,-4.306460963,0.5334522333,,116.0661431,-1.533429879,1.617965477,-0.6733299248
908.075,-3.592882284,-0.04845137544,-25.97065082,-4.458913829,0.6849375982,,116.0066368,-1.528395279,1.399670006,-0.496073537
908.175,-3.566282701,-0.09344525654,-26.01202994,-4.613296799,0.8166113692,,115.9664195,-1.566625483,1.228375494,-0.2886725748
908.275,-3.554145961,-0.1979757085,-26.00297724,-4.771832098,0.9327507126,,115.9475816,-1.606945776,1.001489181,-0.06620222721
908.375,-3.654650432,-0.2951037094,-25.9805902,-4.92119992,0.9667753813,,115.9550422,-1.300068169,-0.3276297064,0.246144735
908.475,-3.651320357,-0.170565697,-26.68099824,-5.013169275,0.884835735,,115.995336,-0.5681737877,-1.236211645,0.5804355782
908.575,-3.570376415,-0.01965935764,-27.76480181,-5.061331912,0.7489260696,,116.0663418,-0.4671700754,-1.427952395,0.8465733989
908.675,-3.571088201,0.1007453012,-28.42262375,-5.115451656,0.6086752757,,116.1598851,-0.6504756601,-1.341514267,1.021755646
908.775,-3.61449763,0.2163236204,-28.63668452,-5.18988072,0.4833191959,,116.2665395,-0.8446824525,-1.13551481,1.100810749
908.875,-3.666947432,0.3253706503,-28.60691367,-5.279913318,0.3812950213,,116.3768425,-0.9498745626,-0.8792151221,1.088649436
908.975,-3.710751577,0.4211974093,-28.51612262,-5.376398743,0.3055227229,,116.4821953,-0.9724955151,-0.6158704692,0.9978822774
909.075,-3.741129194,0.4978444897,-28.45625855,-5.472887175,0.2552116498,,116.5755229,-0.9533465929,-0.3762322648,0.8463884516
909.175,-3.759440038,0.5513724077,-28.44463244,-5.566912237,0.2269525532,,116.6516898,-0.9267972383,-0.1813307896,0.6549342261
909.275,-3.768299884,0.5801200126,-28.46344188,-5.658632338,0.2156334153,,116.7076887,-0.9093427725,-0.04365070716,0.4450444373
909.375,-3.76971601,0.5846703746,-28.4898079,-5.749162629,0.2152438935,,116.7426291,-0.9036811913,0.03176409513,0.2371558839
909.475,-3.76491423,0.5676287221,-28.50900935,-5.839541467,0.2195680219,,116.7575545,-0.9062329837,0.04618702427,0.04905560029
909.575,-3.754875756,0.5332122627,-28.51581548,-5.930386125,0.2227639544,,116.7551176,-0.9127061472,0.006064633778,-0.1053448023
909.675,-4.038663727,0.3923738385,-28.28407408,-6.009876684,0.2132091529,,116.7395539,-0.301092779,-0.3487470954,-0.1977248398
909.775,-3.883283578,0.3918689309,-29.58610882,-5.992831878,0.1515782082,,116.7192003,0.6020297425,-0.8710151319,-0.2011118563
909.875,-3.726889831,0.3828528983,-31.2013173,-5.916870876,0.05088303529,,116.7007519,0.809186633,-1.142301926,-0.160076104
909.975,-3.72459982,0.3658638993,-32.21465661,-5.84107541,-0.07176196346,,116.6876211,0.7299846685,-1.312631533,-0.09544026183
910.075,-3.856827689,0.3548081392,-32.77672414,-5.76498378,-0.2084799147,,116.6815627,0.9879893905,-1.421823582,-0.01953672997
910.175,-3.783902548,0.3508680846,-33.84018225,-5.646085852,-0.3542439309,,116.6834599,1.394375461,-1.494888505,0.0642016267
910.275,-3.699576721,0.3605757467,-34.88229217,-5.50429786,-0.5060113808,,116.6937721,1.375289771,-1.538384694,0.1464036364
910.375,-3.686254323,0.3826851081,-35.4209898,-5.376512413,-0.6603779165,,116.7116394,1.152046039,-1.542516702,0.2117290788
910.475,-3.506007316,0.5144117927,-35.52944311,-5.293105028,-0.7955787056,,116.7341318,0.2724790933,-1.062309794,0.2290750903
910.575,-3.55967633,0.6052888394,-34.19678839,-5.321806636,-0.8668019353,,116.755215,-0.9209242969,-0.1987505526,0.1693431623
910.675,-3.75004054,0.5168331746,-32.1819657,-5.43420935,-0.8546271392,,116.7668086,-1.197054015,0.4410479359,0.04536262851
910.775,-3.792909795,0.5025130178,-30.88857151,-5.542241283,-0.7903573198,,116.7651114,-0.8972305286,0.9102786767,-0.09434081393
910.875,-3.763144564,0.4176103672,-30.42463138,-5.614584167,-0.6877477793,,116.749962,-0.5352894152,1.108258691,-0.2133237197
910.975,-3.716337771,0.3629884185,-30.44307621,-5.656558282,-0.575845457,,116.7247419,-0.3149320821,1.110924664,-0.2918611079
911.075,-3.74465306,0.2747266274,-30.54383319,-5.682979065,-0.4682490813,,116.6935573,-0.1569265543,0.9815877281,-0.3279974111
911.175,-3.776818139,0.2251689998,-31.19886423,-5.653259417,-0.3948994019,,116.6616761,0.7412655237,0.4847314994,-0.2974762245
911.275,-3.846303636,0.2681715896,-32.22225963,-5.564296583,-0.3586135424,,116.635153,1.168703956,0.2932885415,-0.2272983079
911.375,-3.65856867,0.2409550035,-33.80036716,-5.423185281,-0.323448989,,116.6158236,1.541154928,0.3915466186,-0.1506675584
911.475,-3.651237705,0.2120297204,-34.84945122,-5.274697582,-0.2852480702,,116.6048543,1.434250125,0.3621770429,-0.06287908922
911.575,-3.715479128,0.2059046703,-35.4796353,-5.129291043,-0.2510274689,,116.6025403,1.582103422,0.3210083303,0.02125475123
911.675,-3.62033751,0.2095389427,-36.32604228,-4.962333248,-0.2203591511,,116.6084717,1.697638592,0.2923806145,0.1018590589
911.775,-3.588363444,0.2229252984,-36.85986247,-4.797952271,-0.1916699739,,116.6219881,1.558061988,0.2850007445,0.1699602144
911.875,-3.360668436,0.2824102164,-37.19239292,-4.661339639,-0.1621063192,,116.6414396,0.8625060584,0.3563180035,0.2160611998
911.975,-3.510426129,0.2759868966,-36.05060062,-4.620866323,-0.1184481528,,116.6635769,-0.04113245535,0.5142655483,0.2199765747
912.075,-3.650527784,0.2830461302,-34.58775276,-4.637464018,-0.06194352194,,116.6847363,-0.1983305015,0.6194699861,0.1977028146
912.175,-3.685550705,0.2868757556,-33.67923393,-4.647917506,0.003701810133,,116.7032315,0.0348309201,0.6945170026,0.168536134
912.275,-3.500886597,0.3033046574,-33.42140214,-4.644814202,0.08245023288,,116.7184217,-0.115131105,0.8782663107,0.1299236958
912.375,-3.495469204,0.2884232718,-32.61312411,-4.685964694,0.1740789046,,116.729436,-0.7316264797,0.9501392346,0.08409602103
912.475,-3.604156944,0.2766662573,-31.4009793,-4.773321284,0.2708712709,,116.7356691,-0.9379181369,0.9845799416,0.03665616576
912.575,-3.627988529,0.2591667865,-30.58727548,-4.861123829,0.3699715005,,116.7376666,-0.7767304798,0.9936398851,0.002383514532
912.675,-3.608834901,0.2382581483,-30.26213808,-4.928525343,0.4687472719,,116.7371119,-0.5614352041,0.976357537,-0.01252718333
912.775,-3.580951339,0.2172186708,-30.2409679,-4.977527119,0.5648091144,,116.7359385,-0.424775696,0.9392894655,-0.008936481928
912.875,-3.559929393,0.1981557749,-30.32542434,-5.017194068,0.6566423465,,116.7358459,-0.3783178885,0.8927143495,0.009690402297
912.975,-3.548831082,0.1821614845,-30.39994881,-5.055054916,0.7437406028,,116.7381629,-0.3863090549,0.8458657726,0.03959090855
913.075,-3.545142301,0.1697490615,-30.42906901,-5.094780398,0.8263871418,,116.743856,-0.4122055602,0.8049336308,0.0773205442
913.175,-3.545462012,0.1611385714,-30.42066971,-5.137064062,0.905343619,,116.7535599,-0.4351550611,0.7731721035,0.1196739874
913.275,-3.547501666,0.1563325638,-30.39466825,-5.181231015,0.981595205,,116.7675948,-0.448936865,0.7517756835,0.1635712577
913.375,-3.550293853,0.1551064574,-30.36658637,-5.22640093,1.056183014,,116.7859804,-0.4551514806,0.74067009,0.2061207972
913.475,-3.553625896,0.1569960803,-30.34358771,-5.271986024,1.130102045,,116.8084624,-0.4575021121,0.738996639,0.2448070005
913.575,-3.55753318,0.161325273,-30.32673981,-5.317740332,1.204234933,,116.8345606,-0.4587677239,0.745347187,0.2776961277
913.675,-3.56194932,0.167273566,-30.31446633,-5.363625464,1.279303487,,116.8636331,-0.460245536,0.7578995965,0.3035746915
913.775,-3.566692124,0.1739652109,-30.30483149,-5.409679763,1.355833392,,116.8949521,-0.4621596682,0.7745559208,0.3219932155
913.875,-3.571456006,0.180558285,-30.2965254,-5.45593757,1.434134168,,116.9277784,-0.4642917273,0.7931127328,0.333221704
913.975,-3.575956806,0.1863201336,-30.2888699,-5.502410405,1.514297261,,116.9614286,-0.4664206576,0.8114499986,0.3381355332
914.075,-3.352094406,0.1916590881,-30.23136182,-5.579617788,1.596118157,,116.9944626,-1.40131959,0.827479416,0.3089720127
914.175,-3.316565409,0.1976766733,-28.83643443,-5.76998628,1.680417202,,117.022904,-2.529236922,0.865208175,0.249475294
914.275,-3.556270994,0.1979574146,-26.5373233,-6.054051954,1.7694707,,117.0450061,-2.997539312,0.9220266736,0.1916340834
914.375,-3.63472201,0.186230583,-24.94299496,-6.343402935,1.86401211,,117.062657,-2.702167002,0.9682364682,0.1627885567
914.475,-3.556765775,0.1275386987,-24.37230515,-6.593958428,1.961266817,,117.078571,-2.354419089,0.9266802352,0.1573584878
914.575,-3.56454054,0.04022066883,-24.09318532,-6.824896636,2.029932751,,117.0957697,-2.250820043,0.3657106213,0.1976594092
914.675,-3.560804413,-0.04581311096,-24.021036,-7.045107974,2.038717767,,117.1189865,-2.152256568,-0.3839271925,0.2856966215
914.775,-3.557710785,0.1002489952,-24.03634823,-7.257318206,1.971125995,,117.1529605,-2.095797774,-0.9044775979,0.399978825
914.892,-3.688237624,0.0758010602,-24.23194501,-7.474728533,1.834946499,,117.2081873,-1.476921093,-1.529265831,0.5671921109
914.992,-3.781321855,0.1666778726,-25.21765775,-7.576712403,1.661197303,,117.2725571,-0.4615076579,-1.907370658,0.7295408781
915.092,-3.858732588,0.2312707093,-27.07156806,-7.569329345,1.458649804,,117.3525317,0.7213774984,-2.121494187,0.8761361756
915.192,-3.7476744,0.3560378868,-29.74567029,-7.456463436,1.245300442,,117.4450806,1.442179462,-2.081748877,0.9681322127
915.292,-3.681296663,0.4059202766,-32.04900169,-7.306926066,1.045859878,,117.5431878,1.492756218,-1.904225884,0.9841561238
915.392,-3.702274041,0.5004303207,-33.49797174,-7.168016009,0.8652815991,,117.6398372,1.288906013,-1.649566139,0.9323168619
915.492,-3.806612781,0.5701273433,-34.31388405,-7.040114385,0.71409253,,117.7286119,1.309268413,-1.325730272,0.8244608712
915.592,-3.881926875,0.6325087516,-35.00307758,-6.901951443,0.5932600582,,117.8047564,1.558112485,-1.049637452,0.6805535758
915.692,-3.794359563,0.6227872723,-35.96973688,-6.735141692,0.5003561195,,117.8653641,1.714470834,-0.8243957547,0.5153561878
915.792,-3.765694395,0.623444149,-36.61159182,-6.568588796,0.4226554384,,117.9091866,1.581290711,-0.7365994768,0.3464652225
915.892,-3.769564813,0.6155227947,-36.86088223,-6.418745942,0.3504991923,,117.9364217,1.405170835,-0.7126504861,0.1864353072
915.992,-3.779994802,0.595053685,-36.86463446,-6.284059131,0.2787250344,,117.9485231,1.290736348,-0.7305030557,0.04732451305
916.092,-3.831389745,0.5638340242,-36.77227169,-6.152645927,0.2036052589,,117.9480512,1.421176418,-0.7811796788,-0.06065535872
916.192,-3.782003863,0.5253931137,-36.98242758,-6.003763955,0.1219548761,,117.938518,1.537247915,-0.8631854869,-0.1306048281
916.292,-3.748345351,0.5274266425,-37.17327192,-5.849669631,0.03160333696,,117.9236367,1.529720526,-0.9085074377,-0.1675499101
916.392,-3.776090381,0.5184994507,-37.25794664,-5.694141887,-0.05049600406,,117.9056402,1.651653518,-0.7102225632,-0.1927913934
916.492,-3.751651736,0.4304709424,-37.64308946,-5.512850161,-0.1161038904,,117.886137,1.957021143,-0.6341800704,-0.1922603351
916.592,-3.68409104,0.4520446032,-38.13792738,-5.314677093,-0.1781078656,,117.8679778,1.970648091,-0.5286052237,-0.170888806
916.692,-3.556978864,0.4818414495,-38.39626263,-5.134490901,-0.2207630687,,117.8519566,1.536812404,-0.21560101,-0.1535437895
916.792,-3.602252987,0.4102169666,-37.82805102,-5.01225196,-0.2168467755,,117.8363626,0.9378356329,0.2973147582,-0.1625842999
916.892,-3.67422105,0.325777999,-36.99765927,-4.926366023,-0.1777348782,,117.8199326,0.8310558643,0.456265751,-0.1643977664
916.992,-3.527083663,0.0540868806,-36.57202801,-4.84877152,-0.1447279727,,117.8049667,0.5193890676,-0.1274466317,-0.1116469182
917.092,-3.64329021,0.1203894499,-35.5173777,-4.814230413,-0.2025038718,,117.7990009,0.2421444913,-1.045616638,0.005553336822
917.192,-3.637615082,0.1383267247,-34.74283602,-4.791561648,-0.3356021148,,117.8056784,0.1749170739,-1.700896152,0.1437629739
917.292,-3.611122703,0.2590714654,-34.1631478,-4.772817892,-0.5241975797,,117.8264504,0.1640810484,-2.018960197,0.2775642154
917.392,-3.532927583,0.2991400417,-33.52073798,-4.783298751,-0.7316512733,,117.8595782,-0.4264326228,-2.149166464,0.3884368078
917.492,-3.56543584,0.3759751136,-32.3621425,-4.850112687,-0.9468197251,,117.9020253,-0.9898543529,-2.125908037,0.4573885359
917.592,-3.479592036,0.4351796578,-31.08126048,-4.972502772,-1.154121162,,117.9491793,-1.67804147,-2.001615071,0.4815788201
917.692,-3.553979645,0.4869509227,-29.23412144,-5.167138933,-1.346906071,,117.9966049,-2.238084393,-1.837087639,0.4556527564
917.792,-3.691153013,0.7087893027,-27.40695886,-5.398146049,-1.504257199,,118.038104,-2.273580926,-1.117615461,0.3453542543
917.892,-3.726918248,0.6289489481,-26.4180217,-5.610554445,-1.568321443,,118.0642733,-1.926234493,-0.2189291197,0.1586559133
917.992,-3.704238384,0.5635822695,-26.14667726,-5.787048608,-1.57325553,,118.0718057,-1.598270796,0.08844572389,-0.02076856717
918.092,-3.89249874,0.528680999,-26.08389636,-5.926521568,-1.559475931,,118.0622034,-0.9080317943,0.172922338,-0.1874605794
918.192,-4.028292338,0.7647234253,-27.30530198,-5.941257266,-1.517543,,118.0348913,0.9019223405,0.9628644419,-0.387612493
918.292,-3.719462477,0.5616658045,-30.51989777,-5.786847463,-1.364842171,,117.9869546,1.975525663,1.974493703,-0.5692509853
918.392,-3.608369238,0.2095481784,-33.31746743,-5.572131969,-1.190435375,,117.9270177,2.181184013,1.222205787,-0.6062367593
918.492,-3.590685074,0.2060282582,-35.17629129,-5.358369926,-1.11508602,,117.8688086,2.082364399,0.2292884737,-0.5421494095
918.592,-3.520883732,0.2540217364,-36.3308629,-5.165946794,-1.118393314,,117.8193174,1.702031228,-0.2670641892,-0.4365769619
918.692,-3.525944035,0.256338239,-36.66690696,-5.01463229,-1.156711186,,117.7810374,1.311301035,-0.4905990143,-0.319865793
918.792,-3.552497463,0.2538136924,-36.55111859,-4.895257134,-1.211278118,,117.7544159,1.086483855,-0.5958021396,-0.205072996
918.892,-3.572672868,0.2574276373,-36.31307374,-4.790730993,-1.273118821,,117.7389011,1.017399319,-0.6360234915,-0.09946643225
918.992,-3.580793798,0.2696425824,-36.12388692,-4.688651526,-1.336922396,,117.7333224,1.032186764,-0.6341666482,-0.00837705487
919.092,-3.581278144,0.28990197,-36.02349047,-4.583703354,-1.399090378,,117.7360095,1.068761249,-0.6023899919,0.06354119476
919.192,-3.579711539,0.3161805207,-35.98793649,-4.475405513,-1.457024004,,117.7448652,1.095548288,-0.548895834,0.1125924047
919.292,-3.57913659,0.3457134369,-35.98136585,-4.365212092,-1.508881836,,117.7574941,1.105393976,-0.4808398318,0.1367655769
919.392,-3.580040467,0.3755536474,-35.9784334,-4.254663669,-1.55353485,,117.7713975,1.102716813,-0.4053784069,0.1362239431
919.492,-3.581426994,0.4030012429,-35.96876439,-4.144706107,-1.590571801,,117.7841947,1.094025838,-0.3296485256,0.1133248755
919.592,-3.581942229,0.4258959538,-35.95121771,-4.035721476,-1.620274752,,117.7938285,1.083572373,-0.2602257302,0.0722357741
919.692,-3.580564194,0.4427665993,-35.92795766,-3.927793253,-1.643533607,,117.7987182,1.073002649,-0.2024998821,0.0183119872
919.792,-3.576717094,0.4528733698,-35.90104802,-3.820921602,-1.661704868,,117.7978477,1.062370667,-0.160222921,-0.0425793505
919.892,-3.570285695,0.4561702389,-35.87133409,-3.715133567,-1.676436583,,117.790787,1.051226052,-0.1353102027,-0.1046833625
919.992,-3.56141205,0.4532141221,-35.83875826,-3.610495275,-1.689484786,,117.7776569,1.039280607,-0.1278807789,-0.1628667178
920.092,-3.550424871,0.4450357222,-35.80291955,-3.507092009,-1.702542767,,117.7590486,1.026472277,-0.1364783491,-0.2129882024
920.192,-3.537767167,0.4329882551,-35.76354896,-3.405001082,-1.71709841,,117.7359124,1.013025175,-0.1584119584,-0.252132728
920.292,-3.523906044,0.4185892727,-35.72067768,-3.304275179,-1.7343289,,117.7094301,0.9991793179,-0.1901587096,-0.278702426
920.392,-3.509346927,0.4033674494,-35.67462361,-3.204941985,-1.755036801,,117.6808836,0.9852079104,-0.2277837616,-0.2923903015
920.492,-3.494541097,0.3887287591,-35.62590254,-3.107004528,-1.779627473,,117.6515309,0.9712870912,-0.2673389039,-0.2940412644
920.592,-3.479918756,0.3758497088,-35.57507274,-3.010452596,-1.808124129,,117.6225008,0.957539089,-0.3052088095,-0.2854366866
920.692,-3.465788734,0.3656045476,-35.52271745,-2.915264408,-1.840214345,,117.5947111,0.9440344004,-0.3383844016,-0.2690219197
920.792,-3.452398988,0.3585280747,-35.46933904,-2.821416789,-1.875319917,,117.5688157,0.9307496229,-0.3646476061,-0.2476113619
920.892,-3.439852657,0.3548128441,-35.4153712,-2.728887199,-1.912680982,,117.545181,0.9176800758,-0.3826643338,-0.2241012728
920.992,-3.428155714,0.3543362013,-35.36113853,-2.637658983,-1.951445277,,117.5238901,0.9047116676,-0.391987973,-0.2012065084
921.092,-3.417236673,0.3567110507,-35.3068531,-2.547725692,-1.990754079,,117.504771,0.8917673194,-0.3929856003,-0.1812534522
921.192,-3.406922213,0.3613529705,-35.25262765,-2.459090954,-2.029817808,,117.4874429,0.8786990353,-0.3867027319,-0.16602529
921.292,-3.397019672,0.3675554136,-35.19846155,-2.371773765,-2.067976,,117.4713749,0.8653835564,-0.3746864159,-0.1566805741
921.392,-3.387279053,0.3745661231,-35.14427145,-2.2858039,-2.104738536,,117.45595,0.8516952916,-0.3587880599,-0.1537307991
921.492,-3.377488702,0.3816568081,-35.08984312,-2.201224478,-2.139806803,,117.4405284,0.8375322472,-0.3409633401,-0.1570795499
921.592,-3.367421399,0.3881827777,-35.03498979,-2.118084456,-2.173075673,,117.4245047,0.8228549784,-0.3230921602,-0.166107419
921.692,-3.356897267,0.3936275313,-34.97948478,-2.036438838,-2.204618637,,117.4073552,0.807593186,-0.3068257476,-0.1797885102
921.792,-3.345799057,0.397630206,-34.92310999,-1.956344855,-2.234659408,,117.3886722,0.791781322,-0.2934739614,-0.1968330223
921.892,-3.334037067,0.3999969545,-34.86567714,-1.877857315,-2.263534238,,117.3681836,0.7754199173,-0.2839359748,-0.2158256198
921.992,-3.321602199,0.4006957543,-34.80702799,-1.801028718,-2.291649362,,117.3457595,0.758582657,-0.2786756412,-0.2353652458
922.092,-3.308502225,0.3998389182,-34.74708153,-1.72590314,-2.319437885,,117.321405,0.7413298489,-0.2777372342,-0.2541784894
922.192,-3.294820689,0.3976548645,-34.68578786,-1.652519816,-2.347319829,,117.295243,0.7237339088,-0.2807947176,-0.2712129606
922.292,-3.280633206,0.3944543486,-34.6231813,-1.580907974,-2.375668375,,117.2674894,0.7058893409,-0.2872267502,-0.2856976935
922.392,-3.266075169,0.3905933722,-34.55932591,-1.511090916,-2.404784367,,117.2384227,0.6878396837,-0.2962064316,-0.2971710407
922.492,-3.251256297,0.3864379022,-34.49433806,-1.443084272,-2.434880156,,117.2083535,0.6696812564,-0.3067976661,-0.3054835487
922.592,-3.236292312,0.382331656,-34.42835893,-1.376897916,-2.466072984,,117.177594,0.6514297241,-0.3180475267,-0.3107669148
922.7,-3.23129533,0.3810267065,-34.40616976,-1.355241737,-2.476721108,,117.1672382,0.6453365903,-0.3217872175,-0.3119133722
922.8,-3.21507952,0.377162453,-34.33353894,-1.286262534,-2.512170954,,117.1333881,0.6255214267,-0.3334079089,-0.3138268806
922.9,-3.190336161,0.3727511191,-34.22031831,-1.184337726,-2.568973066,,117.0812037,0.5949639711,-0.3482024763,-0.3128368212
923,-3.175701747,0.3711545827,-34.15188631,-1.12562907,-2.604101192,,117.0500514,0.5765905667,-0.3545695794,-0.311096635
923.1,-3.16125826,0.3703492475,-34.08317446,-1.068760993,-2.639769843,,117.0190801,0.5581538564,-0.3588306168,-0.3093205525
923.2,-3.14698429,0.3702613324,-34.01428166,-1.013739281,-2.675769014,,116.9882653,0.5396526556,-0.3610316206,-0.3080996893
923.3,-3.132849923,0.3707670183,-33.94526258,-0.960573382,-2.711901177,,116.9575289,0.5210227398,-0.3613840871,-0.3079053969
923.4,-3.118827795,0.3717088386,-33.876137,-0.9092758941,-2.747996124,,116.9267517,0.5022727921,-0.360226566,-0.3090705338
923.5,-3.104855342,0.3729133175,-33.80694678,-0.8598607769,-2.78392169,,116.8957884,0.4833494963,-0.3579806851,-0.3117739142
923.6,-3.09089922,0.374207038,-33.73766975,-0.8123466631,-2.819589952,,116.8644824,0.4642451442,-0.3551054758,-0.3160498662
923.7,-3.076896598,0.3754309828,-33.66829437,-0.7667515947,-2.854958994,,116.8326799,0.4449435042,-0.3520548417,-0.3218004492
923.8,-3.062825777,0.3764515196,-33.59877923,-0.7230966407,-2.890030634,,116.8002421,0.4254373413,-0.3492408493,-0.3288215587
923.9,-3.048644879,0.3771683147,-33.52910922,-0.681400578,-2.924844892,,116.7670542,0.4057522249,-0.347005562,-0.3368329533
924,-3.034332658,0.3775182422,-33.45925208,-0.6416825603,-2.959472001,,116.733032,0.3858667046,-0.3456013901,-0.3455078188
924.1,-3.019892935,0.3774756474,-33.38919718,-0.6039597761,-2.994002961,,116.6981245,0.3658394149,-0.3451823094,-0.3545101504
924.2,-3.005318157,0.3770499971,-33.31894387,-0.5682464408,-3.028539589,,116.6623141,0.3456647283,-0.3458031357,-0.3635168551
924.3,-2.990637451,0.3762803879,-33.24849222,-0.5345558908,-3.063184914,,116.6256135,0.3253892724,-0.3474276908,-0.372247683
924.4,-2.975858222,0.3752289586,-33.17787756,-0.5028965976,-3.098034695,,116.5880611,0.3050296595,-0.3499430157,-0.3804781336
924.5,-2.961026645,0.3739727727,-33.10711679,-0.4732766522,-3.13317055,,116.5497148,0.2846137596,-0.3531778244,-0.3880532426
924.6,-2.946156544,0.3725960173,-33.03626457,-0.4456992544,-3.168655088,,116.5106444,0.2641784121,-0.3569236334,-0.3948903643
924.7,-2.931300548,0.3711821418,-32.96536412,-0.4201670621,-3.204529153,,116.4709249,0.2437176749,-0.3609556872,-0.400975175
924.8,-2.916477921,0.3698077098,-32.89447719,-0.3966799455,-3.24081114,,116.4306297,0.2232814317,-0.3650532277,-0.4063584098
924.9,-2.901712898,0.3685369922,-32.82366374,-0.3752361145,-3.277498187,,116.3898248,0.2028509482,-0.3690159541,-0.4111380955
925,-2.887042212,0.3674184261,-32.75297681,-0.3558339962,-3.314568858,,116.3485646,0.1824590262,-0.3726775286,-0.4154518435
925.1,-2.872469241,0.3664830306,-32.6824829,-0.3384693903,-3.351986993,,116.3068885,0.1620965072,-0.375914254,-0.419455989
925.2,-2.858023042,0.3657439819,-32.61222186,-0.3231401052,-3.389706186,,116.26482,0.1417668306,-0.3786493227,-0.4233143541
925.3,-2.843692458,0.3651980797,-32.54225246,-0.3098416214,-3.427674535,,116.2223665,0.1214813558,-0.3808531181,-0.4271833349
925.4,-2.682974979,0.3654413656,-32.38416928,-0.3271575369,-3.465996055,,116.1812066,-0.628858302,-0.3844099221,-0.3900347803
925.5,-2.799989964,0.3669997922,-31.37182879,-0.4125195804,-3.503899524,,116.1427988,-1.014229925,-0.3700637833,-0.3857527725
925.6,-2.846163793,0.3639597901,-30.52568029,-0.5144623905,-3.539958999,,116.1033795,-0.9801074857,-0.3500384096,-0.4076315862
925.7,-2.842193061,0.3583251205,-30.05410452,-0.6048836804,-3.574300096,,116.0614984,-0.8097780513,-0.3376742006,-0.4324166868
925.8,-2.816199929,0.3524249314,-29.88640365,-0.6785478299,-3.607916009,,116.0174614,-0.6629918077,-0.3363067939,-0.4491698263
925.9,-2.787275372,0.3475873247,-29.87619161,-0.7408303385,-3.641797638,,115.9722073,-0.5900635064,-0.3428769681,-0.4561495312
926,-2.763757656,0.3442070644,-29.90684526,-0.7989403902,-3.676519007,,115.9266103,-0.5805594165,-0.3526072801,-0.4560255805
926.1,-2.746878862,0.3421682344,-29.91893783,-0.8579178082,-3.712209645,,115.8812162,-0.6054047166,-0.3617372282,-0.4523437256
926.2,-2.734703879,0.34119629,-29.89796751,-0.9199814656,-3.748704514,,115.8362457,-0.6399215317,-0.3682906306,-0.4478358023
926.3,-2.723353498,0.5051243847,-29.83539218,-0.9854171901,-3.781461391,,115.7914843,-0.6723165558,-0.09234171499,-0.4589695626
926.4,-2.711803767,0.4922493314,-29.78144938,-1.054035235,-3.764861576,,115.7436382,-0.7032544215,0.491525011,-0.5076497139
926.5,-2.611277286,0.4698598832,-29.7343361,-1.13619208,-3.681169375,,115.6900032,-1.013277309,1.252939202,-0.5743078125
926.6,-2.618208735,0.4278126507,-29.26904726,-1.256383684,-3.529395831,,115.6292126,-1.431278985,1.852673347,-0.6526606498
926.7,-2.623236126,0.3281422905,-28.6103344,-1.412965142,-3.324330456,,115.5598927,-1.730636128,2.243136139,-0.7394313382
926.8,-2.65875069,0.2394327421,-27.89764868,-1.590677649,-3.093587957,,115.4823868,-1.78445832,2.342781423,-0.8137863112
926.9,-2.650611293,0.1745912504,-27.44130441,-1.764505232,-2.860677564,,115.3987488,-1.671939708,2.296995579,-0.8564523783
927,-2.471665633,0.2074182075,-27.13501241,-1.955610139,-2.620675869,,115.3132544,-2.235227492,2.569843422,-0.8528799526
927.1,-2.54647466,0.2151764736,-26.20545595,-2.197047825,-2.339929682,,115.2273182,-2.537545677,3.127140233,-0.8730571666
927.2,-2.429761043,0.3472107394,-25.46396487,-2.464703009,-1.985394622,,115.1381609,-2.915996634,4.25795909,-0.9250858735
927.3,-2.493249908,0.0538941847,-24.43421621,-2.769309567,-1.507022835,,115.0416639,-3.114295959,5.197988847,-1.006160596
927.4,-2.498844958,-0.0957471008,-23.68410653,-3.076310951,-0.9691471399,,114.9385142,-2.987128356,5.506738992,-1.050094649
927.5,-2.524564622,-0.2158262579,-23.31621234,-3.364984372,-0.4182240009,,114.8337757,-2.767829122,5.476106851,-1.030772139
927.6,-2.537026813,-0.3060247979,-23.23439478,-3.632680821,0.1229767805,,114.733961,-2.584413849,5.324227858,-0.9476680735
927.7,-2.5483271,-0.3791909195,-23.29703703,-3.885572768,0.6470172421,,114.6450138,-2.479415916,5.139259799,-0.8113677099
927.8,-2.562030864,-0.4374399314,-23.39462209,-4.131262412,1.152610359,,114.5716121,-2.441773287,4.960292064,-0.6360612115
927.9,-2.536553526,-0.662397474,-23.50777702,-4.379282091,1.616317606,,114.5182981,-2.59222183,4.068532847,-0.3941098876
928,-2.466037238,-0.6121330149,-23.45659782,-4.647065106,1.986938701,,114.4914968,-2.87151847,3.318083733,-0.1187089245
928.1,-2.557704048,-0.5253412599,-22.89315835,-4.954540711,2.298548888,,114.4916856,-3.239424987,2.955252006,0.1415969557
928.2,-2.560489268,-0.4756082376,-22.34793629,-5.28634764,2.589069307,,114.5167681,-3.432408828,2.877543581,0.3718814385
928.3,-2.596775582,-0.4291508009,-21.78057785,-5.632423512,2.878288243,,114.563054,-3.456979045,2.924725322,0.5639717543
928.4,-2.596389629,-0.3798361937,-21.43828447,-5.973848739,3.175358882,,114.6266829,-3.355284568,3.032752585,0.7137589901
928.5,-2.578071965,-0.3279906178,-21.30866442,-6.304140078,3.484795777,,114.703067,-3.246795826,3.171034665,0.8141479057
928.6,-2.556194976,-0.2766165552,-21.30695973,-6.625260191,3.808771776,,114.7871203,-3.178069105,3.322334542,0.8629844193
928.7,-2.538588246,-0.2294992391,-21.35324907,-6.941461105,4.14800141,,114.8737975,-3.149595359,3.474305843,0.8636294675
928.8,-2.528095689,-0.1901870693,-21.40029795,-7.256019457,4.50206054,,114.9586081,-3.143820744,3.616438627,0.8239441705
928.9,-2.52492684,-0.1614143678,-21.43172084,-7.570348405,4.86953136,,115.0379936,-3.142968843,3.739503419,0.7546428134
929,-2.5283429,-0.1448301319,-21.44947014,-7.884374438,5.248146515,,115.1095362,-3.136147257,3.835991765,0.6676723395
929.1,-2.537553483,-0.1409441052,-21.46189133,-8.197281316,5.634990007,,115.1720188,-3.119694308,3.900730101,0.5749016883
929.2,-2.55194396,-0.149213572,-21.47659545,-8.508124135,6.026751315,,115.2253713,-3.094596539,3.931273121,0.4871820857
929.3,-2.570792551,-0.1525573144,-21.49579214,-8.816143308,6.426061883,,115.2701699,-3.06330948,4.05037061,0.4049573935
929.4,-2.594287623,-0.1927004152,-21.52514357,-9.120894269,6.832217608,,115.3076265,-3.029481198,4.060004993,0.3440535818
929.5,-2.62130777,-0.2321190001,-21.56067127,-9.422233208,7.236322312,,115.3402333,-2.995474689,4.011013476,0.3109446097
929.6,-2.710686596,-0.782664356,-21.5956102,-9.719796825,7.601008169,,115.3728057,-2.898559268,2.594416405,0.3968659138
929.7,-3.189469488,-1.041666056,-21.73217138,-9.95184717,7.701444748,,115.4337539,-1.22125027,-1.10806649,0.9673105191
929.8,-2.985585324,-0.8041005614,-24.5092893,-9.966572503,7.428325511,,115.5682084,0.8217248943,-4.427105694,1.763219318
929.9,-2.687032344,-0.5044641204,-27.92226436,-9.855633155,6.891175898,,115.7726761,1.180406219,-6.302375794,2.333811257
930,-2.383866331,-0.3691610011,-30.3825999,-9.762177013,6.210020715,,116.0242009,0.3784730496,-7.466524355,2.690029451
930.1,-2.561959838,-0.003132837261,-30.65122178,-9.795111047,5.412239436,,116.3031884,-1.030343349,-8.382581032,2.896076685
930.175,-2.409560744,0.5138995567,-30.22935956,-9.912592212,4.795663165,,116.5216509,-2.406811456,-7.723555413,2.884651737
930.275,-2.704400479,0.7474213684,-27.79831606,-10.22847613,4.097001239,,116.8025705,-3.865391524,-6.077939688,2.690834492
930.375,-3.018237437,0.8666606224,-25.03170468,-10.63318956,3.563939652,,117.0590383,-4.043421863,-4.469856644,2.393226375
930.475,-3.15289668,0.8890490293,-23.32393072,-11.01353239,3.16682987,,117.2821251,-3.458485621,-3.484727561,2.023901177
930.575,-3.242616312,0.9053491149,-22.6731777,-11.32674732,2.846666273,,117.4656278,-2.710227701,-2.955879399,1.605743712
930.675,-3.327445225,0.9834713934,-22.96717548,-11.54975806,2.557225645,,117.6076595,-1.630237753,-2.785779283,1.19946446
930.775,-3.252444402,1.067701466,-24.38543774,-11.65799052,2.317017024,,117.7078772,-0.6010648503,-1.987438669,0.761479468
930.875,-3.212713681,0.9716517797,-25.98965235,-11.70528416,2.134840895,,117.7640542,-0.3775806635,-1.701561624,0.3329967453
930.975,-3.198217419,0.7939092076,-27.25695087,-11.7390793,1.962502367,,117.780268,-0.2951584357,-1.90058898,-0.01995170066
931.075,-3.322957263,0.6424724688,-28.0381168,-11.76788529,1.747670328,,117.7662758,-0.1294294799,-2.560950637,-0.2535369542
931.175,-3.307058308,0.6179724896,-29.30055333,-11.73401145,1.437358255,,117.7372458,0.7679075681,-3.631438499,-0.3191255397
931.275,-3.172589205,0.609852238,-30.84965881,-11.64765479,1.046304658,,117.7047526,0.8660215208,-4.185159514,-0.322334011
931.375,-3.131398931,0.5718501232,-31.81792989,-11.57207442,0.610682754,,117.6744115,0.5968032103,-4.534684341,-0.2729995817
931.475,-3.309377413,0.7119850581,-32.04086171,-11.52069267,0.1498779613,,117.6508047,0.6191494381,-4.479283504,-0.1976211765
931.575,-3.251168705,0.6449619905,-32.82984823,-11.43124826,-0.261910456,,117.6330954,1.130947328,-3.729437866,-0.1550474997
931.675,-3.183901211,0.5322671288,-33.73066545,-11.31301011,-0.6209225046,,117.6200869,1.182900418,-3.496350586,-0.09787016985
931.775,-3.173891759,0.5788049193,-34.28709152,-11.20052999,-0.9592934652,,117.6128295,1.041255941,-3.198907863,-0.04814790984
931.875,-3.197044997,0.5356859069,-34.53376933,-11.10351406,-1.261477651,,117.609387,0.8939645382,-2.869280847,-0.020307281
931.975,-3.274473061,0.6685199729,-34.56637856,-11.01393779,-1.531890962,,117.6077097,0.9751744665,-2.379303474,-0.02606679767
932.075,-3.264145735,0.6399560783,-34.82774847,-10.91081933,-1.725705185,,117.6024094,1.073792139,-1.459120647,-0.09164063752
932.183,-3.159418682,0.6078609964,-35.15112037,-10.80760308,-1.847921632,,117.5901099,0.8420782237,-0.942745034,-0.1602893771
932.283,-3.168591469,0.5763215217,-34.83347787,-10.74550004,-1.926716533,,117.5688862,0.1868456725,-0.4569447607,-0.2410295736
932.383,-3.300280658,0.5433289427,-33.95903858,-10.74276023,-1.960232253,,117.5408735,-0.06568789347,-0.1959140873,-0.3299120116
932.483,-3.356857065,0.5145459266,-33.31517656,-10.7458961,-1.961810953,,117.5032932,0.04462406071,0.1836024198,-0.4304980419
932.583,-3.365078614,0.4353458402,-33.05869709,-10.73212283,-1.936328921,,117.4566049,0.2465606764,0.2980252952,-0.5042584348
932.683,-3.353886602,0.3833419612,-33.07509811,-10.69957115,-1.907233233,,117.404325,0.4042474763,0.2676153321,-0.5388073874
932.783,-3.404122234,0.3421961447,-33.14302623,-10.65404037,-1.884031711,,117.3503147,0.5669729887,0.1856779984,-0.5388518246
932.883,-3.354590303,0.3453113857,-33.51704703,-10.58565991,-1.869448856,,117.2975416,0.7763126683,0.1386954415,-0.5111967349
932.983,-3.330987214,0.328872242,-33.89016538,-10.50582579,-1.854028305,,117.2485665,0.8010728645,0.1939265284,-0.4635184381
933.083,-3.328648574,0.4008801579,-34.12174676,-10.42758132,-1.824625256,,117.204474,0.7540456968,0.5485655276,-0.4228575533
933.183,-3.338447243,0.296220766,-34.24780197,-10.35453717,-1.744990859,,117.1630992,0.7049406009,0.9967370097,-0.4026783813
933.283,-3.350809526,0.2681070955,-34.29492272,-10.28527024,-1.625837824,,117.123464,0.6822045334,1.364350685,-0.3894264143
933.383,-3.361626377,0.2275458239,-34.32227246,-10.2170265,-1.477551043,,117.085244,0.6852149487,1.581161516,-0.3732006902
933.483,-3.291381167,0.2263948112,-34.28954902,-10.16322984,-1.307648338,,117.0490446,0.3083904031,1.847348826,-0.3512126325
933.583,-3.210515909,0.1675981408,-33.85954726,-10.15482449,-1.117387588,,117.0150972,-0.2442745914,1.938802356,-0.3245871579
933.683,-3.334363898,0.1373625493,-32.65865063,-10.21282784,-0.9229923549,,116.984123,-0.8400009445,1.945610155,-0.2958371006
933.783,-3.430395159,0.1122771196,-31.50461948,-10.29795692,-0.7287049699,,116.9557084,-0.7893384973,1.937161365,-0.269550222
933.883,-3.418313905,-0.001410528385,-30.849918,-10.37558842,-0.5423039039,,116.9309818,-0.7390995737,1.654447726,-0.2118637283
933.983,-3.436943154,0.04916887818,-30.44930531,-10.44135152,-0.3916755071,,116.9136358,-0.553362341,1.384061071,-0.127721698
934.083,-3.435875941,0.06138899603,-30.37545558,-10.48820895,-0.2583293392,,116.9049818,-0.3803632605,1.290381024,-0.0387256297
934.183,-3.435011518,0.06823662362,-30.47271984,-10.52090639,-0.1311045326,,116.9051827,-0.2783089654,1.257678301,0.04788056365
934.283,-3.442294754,0.0384711755,-30.61799518,-10.54641838,-0.006144181683,,116.9136884,-0.2372615699,1.200806354,0.1278565309
934.383,-3.457351994,0.08187327403,-30.73694446,-10.5694783,0.1087069705,,116.9300294,-0.2269210318,1.11309111,0.2011063228
934.483,-3.477458066,0.1088346652,-30.82612713,-10.59198042,0.2197900458,,116.9528599,-0.2238395515,1.117518609,0.2557353204
934.583,-3.49965769,0.13158471,-30.89380183,-10.61403243,0.3331459824,,116.9802539,-0.2165728984,1.156148294,0.290757825
934.683,-3.521889724,0.1521688169,-30.95305501,-10.63505519,0.4510707011,,117.010282,-0.2028236939,1.207714382,0.3071674129
934.783,-3.543046448,0.1699771024,-31.01263706,-10.65447659,0.5743346345,,117.0411865,-0.1846659081,1.261842209,0.3074537538
934.883,-3.482270963,0.1679203474,-31.00714655,-10.68794776,0.6958693025,,117.0717226,-0.5694331301,1.173714974,0.2983798067
934.983,-3.56739381,0.1929232652,-30.49714918,-10.75509806,0.8131654324,,117.1006216,-0.7326089943,1.182198824,0.275397311
935.083,-3.609162432,0.2020754389,-30.11372766,-10.82631654,0.9329411508,,117.1270003,-0.6656653967,1.216613477,0.2489794373
935.183,-3.62409174,0.2029019683,-29.96825252,-10.88703825,1.055974667,,117.1508039,-0.539097119,1.24397851,0.2246562267
935.283,-3.630530575,0.1389499493,-30.00219944,-10.93591539,1.163972738,,117.1733959,-0.4382120468,0.8696121609,0.2317280673
935.383,-3.636650448,0.181512476,-30.1009903,-10.97674591,1.241911079,,117.1973258,-0.3817585552,0.7076064833,0.2471854117
935.483,-3.647057473,0.1933153612,-30.21204167,-11.01360636,1.309980702,,117.222815,-0.3584797691,0.6589800782,0.2627253545
935.583,-3.662586406,0.1970047572,-30.30446405,-11.04893859,1.375055974,,117.2498312,-0.3495397867,0.6442164643,0.2775849623
935.683,-3.681309142,0.1987357647,-30.37604874,-11.08350657,1.439272604,,117.2782895,-0.3418368764,0.6409272649,0.2914529166
935.783,-3.701485387,0.2000953682,-30.43545643,-11.11714126,1.503406513,,117.308084,-0.3302186797,0.6423487652,0.3041998152
935.883,-3.722159871,0.2014253381,-30.49129589,-11.14941764,1.567799445,,117.3390996,-0.3145555705,0.6460417353,0.3157709731
935.983,-3.743248391,0.2027505434,-30.54831037,-11.18000786,1.632620251,,117.3712183,-0.2966245747,0.6508716878,0.3261661937
936.083,-3.767887433,0.2041041203,-30.60775482,-11.20876071,1.697959114,,117.4043259,-0.277907354,0.6564751777,0.3354852265
936.183,-3.799380523,0.2054212802,-30.66925695,-11.23563131,1.763901097,,117.4383245,-0.2590142368,0.6630567907,0.3439615834
936.283,-3.835113152,0.2075593457,-30.73205498,-11.26061173,1.830587212,,117.4731436,-0.2401545204,0.6726081143,0.3518937953
936.383,-3.869567626,0.2087568408,-30.79566438,-11.28372536,1.898504933,,117.50874,-0.221789425,0.6872942066,0.3595098343
936.483,-3.90301321,0.2091133445,-30.85924063,-11.30503408,1.967943254,,117.5450909,-0.2041013051,0.7026679371,0.3670099117
936.583,-3.938151445,0.1242659209,-30.92981929,-11.32458408,2.0027747,,117.5844008,-0.1858984218,0.0001537682307,0.4266234408
936.683,-3.971826312,0.1987049856,-30.9860579,-11.34221842,1.990649257,,117.6297848,-0.1664502662,-0.2104273327,0.4827561633
936.783,-4.005932729,0.2317660975,-31.04949349,-11.35795871,1.967459614,,117.6802191,-0.1481589474,-0.2403424429,0.5259710564
936.883,-4.040119824,0.2552620171,-31.11478325,-11.37190636,1.944482895,,117.7342784,-0.1305016457,-0.2113121837,0.5536884573
936.983,-4.026542969,0.1115125803,-31.20289024,-11.38900182,1.915113295,,117.79076,-0.2913883647,-0.6056028707,0.5849629064
937.083,-4.102317873,0.2610753241,-30.94702773,-11.42426546,1.833173991,,117.8513836,-0.3902489121,-0.970832992,0.6266574446
937.183,-4.15877779,0.3252055613,-30.75457918,-11.46207102,1.733108818,,117.915263,-0.3504164698,-1.006488475,0.647866111
937.283,-4.205061474,0.3654509998,-30.69948301,-11.49347829,1.63483493,,117.9802429,-0.2716926535,-0.9461444783,0.646710727
937.383,-4.250735483,0.3379074944,-30.75253336,-11.51734338,1.536262224,,118.0445731,-0.2050429473,-1.062487613,0.637526331
937.483,-4.300199528,0.3776388754,-30.84178477,-11.53559974,1.410738639,,118.1085247,-0.1609772627,-1.417686518,0.6385011373
937.583,-4.353963968,0.4296140677,-30.93633579,-11.5502694,1.258332041,,118.1721857,-0.1333709637,-1.603621438,0.6300372956
937.683,-4.41091577,0.4837317554,-31.02213204,-11.56261293,1.097769076,,118.2340917,-0.1139388479,-1.588689165,0.6011593836
937.783,-4.421044382,0.4031343122,-31.11477222,-11.57810954,0.9278048933,,118.2929848,-0.2767007429,-1.942386533,0.5782003914
937.883,-4.451434841,0.5022057449,-30.93615736,-11.61266573,0.713453528,,118.3503866,-0.4638954356,-2.295770304,0.5644852097
937.983,-4.571520529,0.569376838,-30.46168516,-11.66854123,0.4813808375,,118.40548,-0.6145451974,-2.319092611,0.5302956593
938.083,-4.650030035,0.6051727653,-30.10798017,-11.72789669,0.2524554439,,118.4564093,-0.5485821057,-2.246893263,0.4805111699
938.183,-4.702883235,0.6287435957,-29.98513386,-11.77725781,0.03179833461,,118.501793,-0.4306326303,-2.159220642,0.4191753809
938.283,-4.745476543,0.6456100511,-30.02498666,-11.81577208,-0.1803855635,,118.5406754,-0.3407001123,-2.080045088,0.3506481441
938.383,-4.785744612,0.6572118696,-30.1294097,-11.84731066,-0.3853006228,,118.5725342,-0.2937494055,-2.015428175,0.2791603027
938.483,-4.82552106,0.6639307244,-30.23454849,-11.87564326,-0.5844542834,,118.5972559,-0.2758727281,-1.966026056,0.2086053794
938.583,-4.863867305,0.666155,-30.31717348,-11.90284533,-0.7793374536,,118.6150959,-0.2696279848,-1.931041622,0.1424166944
938.683,-4.901057545,0.5226209674,-30.39170083,-11.92949891,-0.9788876994,,118.6270329,-0.2630680987,-2.254867825,0.103631044
938.783,-4.935333313,0.6119525408,-30.42522619,-11.95512643,-1.232016586,,118.6376488,-0.2483122186,-2.758463055,0.108983067
938.883,-4.96743732,0.6611675879,-30.46356946,-11.97907566,-1.515397761,,118.6488695,-0.2302693003,-2.88787531,0.1139911116
938.983,-4.999029044,0.6848767659,-30.50874982,-12.00122818,-1.805290596,,118.6603704,-0.2127082465,-2.90103689,0.1135449718
939.083,-5.03029402,0.7041733605,-30.55680724,-12.02168007,-2.094392513,,118.6714577,-0.1963542923,-2.874977132,0.1046090799
939.183,-5.060975623,0.7236708284,-30.60565199,-12.04054448,-2.380027362,,118.6811875,-0.1809853873,-2.832353829,0.08534316701
939.283,-5.090692752,0.743551447,-30.65457124,-12.0579092,-2.660982558,,118.6884895,-0.1663923503,-2.781688273,0.05514810703
939.383,-5.119246291,0.7629273446,-30.70347596,-12.07384876,-2.936690815,,118.6922873,-0.1525483565,-2.727815164,0.01458002562
939.483,-5.147034193,0.780759672,-30.75235532,-12.08844359,-3.206999119,,118.6916064,-0.13957406,-2.67424077,-0.03483810159
939.583,-5.174318154,0.7948213878,-30.8011694,-12.10178768,-3.472233309,,118.6856587,-0.1275929606,-2.628469277,-0.09089530831
939.683,-5.205844721,0.8069230277,-30.84944183,-12.11396931,-3.733339073,,118.6738987,-0.1162964228,-2.592076467,-0.1509557598
939.783,-5.241859237,0.8161618286,-30.89731426,-12.12504312,-3.99119589,,118.6560527,-0.1054257723,-2.564208177,-0.2122692408
939.883,-5.212906679,0.8220517633,-31.02385291,-12.13584193,-4.246680384,,118.6321774,-0.1861732948,-2.547138801,-0.265229273
939.983,-5.186976737,0.8547388933,-30.86136612,-12.1708221,-4.49776489,,118.6041596,-0.647465602,-2.426902596,-0.293965552
940.083,-5.291251687,0.8536961661,-29.7888352,-12.27893213,-4.728759682,,118.5746625,-1.458261472,-2.19863633,-0.3102144432
940.183,-5.422235262,0.8269376506,-28.3430259,-12.44291092,-4.94406196,,118.5415757,-1.740746316,-2.113078649,-0.364933971
940.283,-5.525970762,0.8053948126,-27.29754209,-12.60942025,-5.153590434,,118.501468,-1.530955886,-2.082125422,-0.4458569487
940.383,-5.708777829,0.8295007885,-26.76835338,-12.74709292,-5.361300159,,118.4535474,-1.057650222,-2.024124909,-0.5322212464
940.483,-6.025381943,1.135130285,-27.5064792,-12.76858314,-5.500221994,,118.3875072,0.9807720824,-0.3856709298,-0.8537563907
940.583,-5.80267568,0.8892081401,-31.11044512,-12.58078287,-5.471025804,,118.2866217,2.625338654,0.8585259321,-1.152982897
940.683,-5.77311999,0.7355886046,-34.79343433,-12.28741562,-5.363734044,,118.1640731,3.119039642,1.249483446,-1.2878788
940.783,-5.678427776,0.6293428287,-37.54720837,-11.98832696,-5.238373128,,118.034454,2.712207841,1.211186611,-1.288385123
940.883,-5.726817476,0.5663976677,-38.65602683,-11.7482441,-5.124526449,,117.9082733,2.048192785,1.047771541,-1.227817518
940.983,-5.707978805,0.5153001386,-38.50819655,-11.59510486,-5.028020273,,117.7914513,0.9354936768,0.8738225756,-1.097382864
941.083,-5.870928682,0.471485609,-37.09199054,-11.53708327,-4.946854219,,117.6871139,0.3152620846,0.7484915377,-0.9909858485
941.183,-5.992596036,0.4315844808,-35.78133061,-11.50518441,-4.876061641,,117.5913355,0.4000024048,0.6642416777,-0.9217985444
941.283,-6.099244981,0.4006741682,-35.08814764,-11.4511173,-4.812900335,,117.5024619,0.7837145716,0.5964390623,-0.8541172243
941.383,-6.244118993,0.4535356496,-35.40243686,-11.32015397,-4.751473644,,117.4177524,1.97599716,0.7281213101,-0.8457810277
941.483,-6.106115581,0.3891863209,-37.24084301,-11.07773226,-4.670838843,,117.3346045,2.751610426,0.8503875226,-0.7972433705
941.583,-6.047397016,0.3837274407,-38.88710055,-10.80266822,-4.586147773,,117.2601576,2.652817723,0.8367063161,-0.6788912439
941.683,-6.090568413,0.4007751246,-39.65230436,-10.55314056,-4.503190126,,117.1978784,2.304008411,0.8270035647,-0.5628656641
941.783,-5.93571131,0.4438105853,-39.65490967,-10.3713159,-4.412542942,,117.1479971,1.083344196,0.9902391718,-0.4205330855
941.883,-5.972441397,0.5047170023,-37.56541217,-10.3561928,-4.297917457,,117.1130297,-0.827650439,1.361585484,-0.2909674909
941.983,-6.205056705,0.5277426564,-33.9954826,-10.49939497,-4.138279471,,117.0852212,-1.910773341,1.878808077,-0.2913915446
942.083,-6.399152796,0.4750420497,-30.94916787,-10.68491299,-3.935444854,,117.0512173,-1.628147397,2.163510243,-0.4076988282
942.183,-6.426750279,0.4382228615,-29.60671746,-10.81618641,-3.712733159,,117.0046918,-0.9429524276,2.279347999,-0.5279590318
942.283,-6.382670339,0.4024679555,-29.46316412,-10.88529477,-3.483483529,,116.9481597,-0.4507915801,2.293501163,-0.6006213093
942.383,-6.342957678,0.367452603,-29.78029109,-10.91925048,-3.255902223,,116.8867857,-0.256524566,2.247109981,-0.6222179256
942.483,-6.328019027,0.3343236335,-30.0950322,-10.94364128,-3.034481797,,116.8251181,-0.2520462001,2.172407662,-0.6057535416
942.583,-6.331718263,0.3041141993,-30.25567678,-10.97134878,-2.820981437,,116.7663454,-0.3110091012,2.090741174,-0.563952695
942.683,-6.342233963,0.2780180786,-30.28546902,-11.00490752,-2.615508165,,116.7125804,-0.3614157744,2.013569659,-0.5052708952
942.783,-6.353780616,0.2572901518,-30.25441725,-11.04221808,-2.417301189,,116.6652396,-0.3833736996,1.947000188,-0.4353426786
942.883,-6.363834368,0.2427765195,-30.21500752,-11.08063325,-2.225141095,,116.6252259,-0.3837564986,1.89414255,-0.3589924285
942.983,-6.372834244,0.2347892777,-30.18919223,-11.11857873,-2.037573504,,116.5929582,-0.3750687371,1.85660749,-0.2811189475
943.083,-6.315124759,0.008823514707,-30.28262622,-11.15637049,-1.855794187,,116.568526,-0.4559798124,1.52657699,-0.1875317143
943.183,-6.379303155,0.1695139151,-29.97192092,-11.21214899,-1.743475726,,116.5564956,-0.6341299198,0.8025054829,-0.04663608325
943.283,-6.419101939,0.2497045106,-29.66858119,-11.27627972,-1.673125921,,116.5572118,-0.6306186614,0.6381362835,0.06375589682
943.383,-6.441683893,0.2954560136,-29.51510972,-11.33649335,-1.609701867,,116.5674993,-0.5670331102,0.6458142477,0.1420045077
943.483,-6.457757907,0.3344808243,-29.48765777,-11.39039566,-1.542435048,,116.5841235,-0.5116078465,0.7101115119,0.1877984252
943.683,-6.475249294,0.3081337016,-29.52576744,-11.43990105,-1.486482679,,116.6050094,-0.4807439527,0.3725131115,0.2319628753
943.683,-6.475249294,0.3081337016,-29.52576744,-11.43990105,-1.486482679,,116.6050094,-0.4807439527,0.3725131115,0.2319628753
943.8,-6.516629508,0.450964575,-29.60160749,-11.54178606,-1.416467513,,116.6579984,-0.4680640631,0.3662518895,0.2319490161
943.9,-6.536979687,0.3534584006,-29.63564154,-11.58858083,-1.386734864,,116.680056,-0.4680758376,0.03535048744,0.2145057652
944,-6.555471491,0.4223219295,-29.64237239,-11.63510407,-1.4050941,,116.7014634,-0.4621866865,-0.4527511,0.215017817
944.1,-6.572295427,0.427831468,-29.65565919,-11.68088605,-1.461211201,,116.7227685,-0.4538750326,-0.7340922456,0.2108339609
944.175,-6.584031113,0.4120911057,-29.6660292,-11.71090684,-1.523874213,,116.7372657,-0.4466997242,-1.213076936,0.2270247194
944.275,-6.699449555,0.4710545326,-29.71958041,-11.74364893,-1.688710029,,116.7633273,-0.08389680861,-1.861664018,0.255638544
944.375,-6.666419975,0.5809947345,-30.43888477,-11.72530755,-1.897039977,,116.7900092,0.4086476874,-2.256059816,0.2776170185
944.475,-6.769968419,0.5992497239,-31.30060283,-11.66277032,-2.134680044,,116.8181898,0.9525160003,-2.519223577,0.2804101737
944.575,-6.753141982,0.6581121013,-32.7981643,-11.53491486,-2.394220192,,116.8453007,1.599450814,-2.690346565,0.2583537476
944.675,-6.670807345,0.7591365288,-34.35285525,-11.37119936,-2.668929315,,116.8703571,1.581327376,-2.774469742,0.2383530502
944.775,-6.679997154,0.8262451292,-35.14447382,-11.22634649,-2.944589173,,116.8924556,1.279040922,-2.722146292,0.1938022841
944.883,-6.722783417,0.9219371305,-35.3116264,-11.11102605,-3.211900278,,116.9084732,1.025639095,-2.561721063,0.1106480965
944.983,-6.602515033,0.9428045755,-35.24513882,-11.03776106,-3.430798953,,116.9146916,0.3938904601,-2.21764638,0.01994088545
945.083,-6.717278023,0.939582331,-34.04051698,-11.03469337,-3.643357974,,116.9119561,-0.2568056278,-2.035787907,-0.09489583378
945.183,-6.804231908,0.9313784035,-32.68006122,-11.06699109,-3.873639405,,116.8912693,-0.2076944488,-1.917110156,-0.2768900749
945.283,-6.798133961,0.9117673028,-32.16856807,-11.0769498,-4.06313937,,116.856662,0.02741028259,-1.87916522,-0.4245468208
945.408,-6.766702195,0.8821070114,-32.10058278,-11.06384354,-4.267062831,,116.8042258,0.2059244561,-1.895419614,-0.5464505704
945.475,-6.744451332,0.856741418,-32.18513585,-11.04422907,-4.426431223,,116.7562163,0.2583537015,-1.936741454,-0.6087076472
945.575,-6.72614018,0.8265154629,-32.29031763,-11.01799976,-4.623093653,,116.6932154,0.2573596451,-2.004256086,-0.6504409692
945.683,-6.715341848,0.7991980926,-32.34190827,-10.99338664,-4.826884784,,116.6274471,0.2304158974,-2.077718743,-0.6628754272
945.8,-6.708344102,0.7058211619,-32.34439779,-10.96633421,-5.09759076,,116.545541,0.2032979283,-2.359365944,-0.6365025368
945.9,-6.704878263,0.7462213533,-32.3095676,-10.94630683,-5.345715162,,116.4841075,0.1977525291,-2.581297433,-0.5885390798
946,-6.703271659,0.76030785,-32.27958603,-10.92640579,-5.607829928,,116.4275556,0.2003466543,-2.653152797,-0.5402270326
946.1,-6.704101675,0.7745994944,-32.25810084,-10.90608831,-5.874072093,,116.3755518,0.2055777443,-2.666032724,-0.4993778866
946.2,-6.707398598,0.7944332665,-32.24375848,-10.88525248,-6.139965395,,116.3270477,0.2103158939,-2.645736814,-0.4722603854
946.3,-6.71271169,0.8192833666,-32.23409487,-10.86402111,-6.402713445,,116.2804569,0.2131940999,-2.602499795,-0.4631272868
946.4,-6.821908482,0.8468783042,-32.24351511,-10.82992698,-6.660021852,,116.2323905,0.5468747051,-2.535639811,-0.5127362445
946.5,-6.834140879,0.8729307294,-32.94518225,-10.74379371,-6.910056814,,116.1762516,1.214161526,-2.4614354,-0.6205000133
946.6,-6.772616271,0.8997425749,-34.20328334,-10.6001315,-7.153508227,,116.1097433,1.58710622,-2.407866523,-0.7071998246
946.7,-6.721724199,0.9283336474,-35.23471237,-10.44501623,-7.392590779,,116.0371287,1.45533429,-2.371204405,-0.7454910229
946.8,-6.729562968,0.9546632726,-35.66475712,-10.31113798,-7.627907993,,115.9610077,1.202826847,-2.330365832,-0.7834898995
946.883,-6.749965206,0.9717614824,-35.70146046,-10.21728033,-7.820659144,,115.8940792,1.045288054,-2.291365879,-0.8310561253
947,-6.769345332,0.9850083558,-35.5855474,-10.11779165,-8.047659834,,115.8076947,0.9511696541,-2.245815552,-0.9064200863
947.117,-6.532903461,1.004527238,-35.38339927,-10.04042008,-8.298043946,,115.7006483,0.03159420802,-2.067136437,-0.887894342
947.192,-6.716380944,0.9937659071,-33.87374376,-10.06687467,-8.485002371,,115.6198016,-0.5180343095,-2.008754776,-0.8987182233
947.292,-6.787133977,0.8765516546,-32.53171095,-10.1185463,-8.690725317,,115.5260839,-0.4397166681,-2.254656336,-0.9834741589
947.392,-6.776215113,0.9341362743,-31.88148827,-10.14987807,-8.929698892,,115.4240846,-0.162270611,-2.494460264,-1.062010755
947.492,-6.622828089,0.9834763373,-31.84342435,-10.16123038,-9.182807769,,115.316183,-0.2226932264,-2.517990373,-1.073548955
947.592,-6.610474275,0.9474270169,-31.41834771,-10.19711693,-9.430377692,,115.2100821,-0.5326097796,-2.447095773,-1.04399773
947.692,-6.679141718,0.9347549472,-30.68901454,-10.26156831,-9.67428509,,115.1068666,-0.7088212415,-2.431285639,-1.03045991
947.792,-6.917583075,0.9005990383,-30.0971839,-10.31193695,-9.919486143,,114.9999219,-0.04073073803,-2.51417173,-1.15179324
947.892,-6.807906465,0.8897991274,-31.00840676,-10.27769339,-10.17737823,,114.8785951,0.7120951055,-2.688375168,-1.268447631
947.992,-6.836411901,0.9250109214,-32.33147791,-10.1735163,-10.4511987,,114.7468884,1.440671719,-2.775599157,-1.378449286
948.083,-6.729047642,0.9479538723,-34.0507329,-10.01864526,-10.70681507,,114.6170509,1.854851451,-2.803016543,-1.439142484
948.183,-6.750717922,1.006655149,-35.48459277,-9.829373058,-10.98446509,,114.4725868,2.006848397,-2.692579732,-1.472305022
948.283,-6.675301849,1.017638951,-36.71053889,-9.631727895,-11.24921382,,114.3249101,1.873786284,-2.608699694,-1.473101034
948.383,-6.676265826,1.044695868,-37.23533062,-9.457889665,-11.50780203,,114.1783068,1.578231311,-2.558939258,-1.46218131
948.483,-6.702703745,1.071615365,-37.26999624,-9.311120911,-11.76121126,,114.0313967,1.358282823,-2.502927543,-1.485593605
948.583,-6.724188458,1.092799327,-37.11381905,-9.180831969,-12.00872937,,113.8803284,1.255113494,-2.442355301,-1.546957999
948.683,-6.976110637,1.15075027,-36.91649005,-9.032777979,-12.24884665,,113.7165739,2.103804976,-2.294263765,-1.82634576
948.783,-6.787403558,1.120596431,-38.49446233,-8.777377681,-12.46944342,,113.5196815,2.892580699,-2.144072405,-2.093198435
948.883,-6.759089584,1.115052191,-40.20007789,-8.459093831,-12.68215207,,113.299995,3.46568565,-2.12094766,-2.30454416
948.983,-7.075077801,1.071811785,-41.96165991,-8.053930962,-12.89433111,,113.0527269,5.083854908,-2.165427967,-2.744930303
949.083,-6.763476497,1.088256898,-45.8341854,-7.480970951,-13.12681901,,112.7620031,6.269233441,-2.486117874,-3.037463728
949.183,-6.455905852,1.132844381,-49.2860111,-6.852243476,-13.38512508,,112.4587828,6.1007074,-2.67826596,-2.97162706
949.283,-6.053839413,1.205379189,-51.03241194,-6.298571037,-13.65570472,,112.1763351,4.522404037,-2.683726767,-2.572652548
949.383,-6.242667079,1.233486597,-49.25267467,-5.956336952,-13.92200787,,111.9448912,2.293839909,-2.626217141,-2.062984439
949.483,-6.435430558,1.258771196,-45.82160133,-5.797239197,-14.17968047,,111.7517179,0.9213935697,-2.508198626,-1.829458866
949.583,-6.53388942,1.26419279,-42.27091219,-5.745150953,-14.42419135,,111.5717293,0.1388018853,-2.371417439,-1.795562656
949.683,-6.555509904,1.250598149,-39.26907059,-5.751134869,-14.65595567,,111.3895483,-0.3397358177,-2.264560188,-1.839503262
949.783,-6.588745086,1.223499028,-36.56472334,-5.807848239,-14.87933789,,111.204669,-0.7507752868,-2.202773343,-1.879547815
949.883,-6.665607031,1.185474954,-34.49936207,-5.873351861,-15.09756551,,111.0084713,-0.4585724087,-2.165191932,-2.076976217
949.992,-6.613047917,1.137967204,-33.61818291,-5.897835851,-15.33225531,,110.7720935,0.02609915652,-2.178868994,-2.292310448
950.092,-6.392014089,1.151108089,-33.57801237,-5.89515254,-15.54670841,,110.5406695,-0.2154191306,-2.032555247,-2.274183755
950.192,-6.265373722,1.27699839,-32.77260237,-5.957617109,-15.71145678,,110.3210957,-1.228710658,-1.058564806,-2.083959282
950.292,-6.407079729,1.069854284,-30.99116029,-6.106119531,-15.78880604,,110.1152501,-1.632190517,-0.5617702826,-2.067371363
950.392,-6.374455369,1.015720708,-29.73685761,-6.269075877,-15.82885756,,109.9050018,-1.64366054,-0.2237493387,-2.136391566
950.492,-6.364383952,1.412208653,-28.84882067,-6.428033961,-15.82317749,,109.6868325,-1.510380835,0.9660711538,-2.271415258
950.592,-6.269768806,0.9585444794,-28.57830913,-6.57670853,-15.6567028,,109.4520976,-1.534713323,2.174856987,-2.404857886
950.692,-6.252570113,0.8011190266,-28.24886602,-6.732499562,-15.42273874,,109.2082515,-1.568059074,2.487052695,-2.474906022
950.792,-6.217715927,0.6683530679,-28.04562091,-6.887891928,-15.17276275,,108.9592114,-1.533584351,2.471912037,-2.498376019
950.892,-6.176532374,0.5746485986,-27.9441717,-7.038991701,-14.93190034,,108.710694,-1.487084848,2.321899207,-2.458964563
950.992,-6.105178615,0.5348196353,-27.81046804,-7.196855968,-14.69382904,,108.4708831,-1.678102147,2.421629438,-2.323606641
951.092,-5.929595315,0.483038383,-27.40294942,-7.394385988,-14.44095812,,108.2507833,-2.409254332,2.608050945,-2.033125196
951.192,-5.978025711,0.3785485241,-25.96566517,-7.672556675,-14.18394809,,108.062518,-3.142854244,2.469039191,-1.720866102
951.292,-6.009782163,0.3575274198,-24.18639509,-8.014148377,-13.94384684,,107.9036588,-3.606901009,2.342049975,-1.465697911
951.392,-6.063151755,0.3816213458,-22.68372533,-8.368869022,-13.71118044,,107.7620424,-3.407526584,2.362877132,-1.376801361
951.492,-5.961696092,0.4289699745,-21.92659204,-8.708274935,-13.44915504,,107.6287477,-3.437725406,2.954378731,-1.276509043
951.592,-5.98354092,0.3520592238,-21.24378698,-9.049301672,-13.13878655,,107.5038033,-3.347199374,3.223965739,-1.226150832
951.692,-5.974864492,0.3316291041,-20.92791113,-9.376144824,-12.81139593,,107.3823465,-3.177895715,3.316369708,-1.201454955
951.792,-5.956226431,0.5638805594,-20.84824417,-9.687660562,-12.46226938,,107.2624914,-3.059059144,3.941404878,-1.20946988
951.892,-5.941715585,0.4187664301,-20.91973623,-9.991333969,-12.01802621,,107.1386012,-3.023483763,4.862599445,-1.272321647
951.992,-5.933845441,0.3299392992,-20.99167474,-10.29360666,-11.51684942,,107.0088595,-3.028039732,5.123457606,-1.323189528
952.092,-5.928048787,0.2850192299,-21.02792358,-10.59695085,-11.00134352,,106.874737,-3.041917503,5.170499265,-1.35811449
952.192,-5.921923534,0.2474880951,-21.03466878,-10.90145353,-10.48514712,,106.7379588,-3.049121641,5.142340759,-1.374188465
952.292,-5.914722545,0.2094434876,-21.02617943,-11.2061636,-9.973475403,,106.6005494,-3.045002284,5.081079762,-1.368546728
952.392,-5.904881902,0.2211243832,-21.00784834,-11.51025378,-9.447305899,,106.4634508,-3.037741009,5.429391416,-1.370859377
952.492,-5.896199366,0.1402396033,-20.99959706,-11.81332961,-8.900602317,,106.32703,-3.023464872,5.477456544,-1.350042413
952.592,-5.825596111,0.08681286146,-21.06498852,-12.1153593,-8.355093611,,106.1940166,-3.084579867,5.415239024,-1.290387704
952.692,-5.764460404,0.04559389986,-20.80107081,-12.44433991,-7.818119259,,106.0710264,-3.548506645,5.314509013,-1.153317231
952.792,-5.842511991,0.0127308871,-19.98110088,-12.81352497,-7.290577325,,105.9611747,-3.777848927,5.233659746,-1.041955239
952.892,-5.818898527,-0.0159728521,-19.35576146,-13.19306599,-6.770084154,,105.8612052,-3.852921517,5.170264977,-0.9417141915
952.992,-5.845528914,-0.02109394119,-18.77385825,-13.57708371,-6.248062393,,105.7707539,-3.793955359,5.266848684,-0.8623032793
953.092,-5.909189116,-0.05120112133,-18.41388849,-13.94886046,-5.7203539,,105.6877021,-3.559320346,5.2810005,-0.7974239838
953.192,-6.304853782,-0.06675803643,-18.29880178,-14.26417833,-5.191950628,,105.6082171,-2.263310329,5.293956224,-0.8258238877
953.292,-6.826393629,-0.1757888332,-21.15096035,-14.28508572,-4.680541983,,105.5142683,2.454401172,4.829033927,-1.064630661
953.392,-6.416369973,-0.1980543476,-29.10207399,-13.84885093,-4.218785779,,105.4045181,6.066054279,4.299240759,-1.076049949
953.492,-5.893402476,-0.1319378933,-37.35416766,-13.19729757,-3.821082277,,105.3085338,6.551643251,3.663142197,-0.7967553695
953.592,-5.663355624,-0.06600154779,-42.38565337,-12.60018713,-3.478428253,,105.2458213,5.131793079,3.210712505,-0.4377340054
953.692,-5.709498728,-0.01920683327,-44.0991669,-12.16021109,-3.165756474,,105.2150213,3.555304293,3.024809843,-0.1771270815
953.792,-5.612134845,-0.01522001378,-43.48695376,-11.90354613,-2.887033233,,105.2087262,1.336247475,2.497369925,0.06373246609
953.892,-5.929969415,0.1429839571,-40.59485297,-11.83269409,-2.647312912,,105.2217628,0.1648640434,2.364256942,0.1844547865
953.992,-6.202280561,0.2086315252,-37.66270041,-11.84157255,-2.41277077,,105.2422819,-0.1664830051,2.362700882,0.2086176826
954.092,-6.316129957,0.05852220334,-35.81757589,-11.83860279,-2.192184817,,105.2623976,0.3263005092,1.837852583,0.1977486765
954.192,-6.549991496,0.1337930438,-35.21083908,-11.74997532,-2.053173106,,105.2822905,1.696969732,0.8851436411,0.1991922603
954.292,-6.570756105,0.2321338425,-36.636053,-11.50526216,-1.996862441,,105.3025507,3.374696579,0.2148217319,0.2049955241
954.392,-6.265766356,0.3847749636,-39.62827334,-11.11201406,-1.991215955,,105.3236794,4.292252798,-0.05681022709,0.2212936474
954.492,-6.100650838,0.4737996637,-41.99184212,-10.69024088,-1.999137846,,105.3467243,4.005797618,-0.08131230371,0.2351628124
954.592,-6.116296423,0.541691776,-43.05208402,-10.31610113,-2.004609097,,105.3695376,3.433340224,-0.01273813247,0.2100359606
954.692,-5.951060577,0.4794717792,-43.35332347,-10.00439016,-2.015369795,,105.3889412,2.512282491,-0.3335669738,0.1852279865
954.792,-6.041137066,0.5913701389,-41.97536678,-9.8133741,-2.067255701,,105.4067781,1.262924925,-0.650282424,0.1596356152
954.892,-6.300054958,0.6573735594,-39.84210725,-9.711804568,-2.132766197,,105.4191428,0.9115098831,-0.6314078202,0.06932708423
954.992,-6.381651061,0.6777376023,-38.45492043,-9.609347939,-2.191810395,,105.4205601,1.209975176,-0.5417652415,-0.05422299419
955.092,-6.365670339,0.677589885,-37.9475711,-9.470380512,-2.242661018,,105.409568,1.583977203,-0.4768635494,-0.1742886536
955.192,-6.321123571,0.6671863077,-37.9594506,-9.300235759,-2.289025049,,105.3874235,1.806423352,-0.4556350296,-0.2741140333
955.292,-6.281808908,0.6508761072,-38.12945302,-9.115566861,-2.335026784,,105.3564091,1.869955176,-0.4705519487,-0.3495807348
955.392,-6.255674498,0.6309098726,-38.26130617,-8.929257323,-2.383695141,,105.3189324,1.844403097,-0.5088733381,-0.4017488873
955.492,-5.836587976,0.7179277937,-38.6230033,-8.764149182,-2.432952984,,105.2777591,0.9415252429,-0.3472735688,-0.4084842575
955.592,-5.969617508,0.6769220794,-36.62421253,-8.761282067,-2.446480359,,105.2376627,-0.8907995344,0.09095755239,-0.4032328584
955.692,-6.249607586,0.5797024152,-33.63565304,-8.882060349,-2.424746418,,105.1952836,-1.331185662,0.3170696152,-0.456001792
955.792,-6.305325421,0.5171004402,-31.7088191,-8.998994236,-2.389914572,,105.1469454,-0.9098178368,0.3648524403,-0.5128000862
955.892,-6.256071659,0.465474581,-30.98905942,-9.065138381,-2.354576258,,105.0944215,-0.3919060646,0.3288175229,-0.5331100679
955.992,-6.188109614,0.4234910077,-30.98290042,-9.087814238,-2.325080738,,105.0419288,-0.07624743852,0.2501918852,-0.5091662373
956.092,-6.137716994,0.3924038817,-31.20511361,-9.089203516,-2.304213027,,104.9935247,0.0276446141,0.1597299361,-0.4508031841
956.192,-6.110333031,0.3724607679,-31.390539,-9.086531644,-2.292067638,,104.9519804,0.01157872499,0.07939962157,-0.3727498989
956.292,-6.099068567,0.362981294,-31.46696542,-9.087613552,-2.286997237,,104.918634,-0.03941896582,0.02134365679,-0.2882278469
956.392,-6.095753057,0.3627897556,-31.4598831,-9.093553153,-2.286531525,,104.8936505,-0.08065726076,-0.01032568512,-0.2071443273
956.492,-6.095211402,0.3703990298,-31.41653423,-9.102664748,-2.288046444,,104.8763499,-0.1011953744,-0.01659708314,-0.1363424215
956.592,-6.095353687,0.3840451156,-31.37043742,-9.113061253,-2.289155936,,104.8654825,-0.1065613476,-0.001148940984,-0.08027619143
956.692,-6.09577857,0.4017323642,-31.33539635,-9.123635921,-2.287907118,,104.8594439,-0.1055395768,0.0310979674,-0.04148040533
956.792,-6.096527169,0.421352,-31.3121725,-9.134060023,-2.282866441,,104.8564551,-0.1042145233,0.07472159107,-0.02079188395
956.892,-5.987004699,0.4420765718,-31.14839462,-9.17128681,-2.273453061,,104.8557995,-0.7310861222,0.1197287083,0.006107524447
956.992,-6.048355852,0.4618231588,-30.19349992,-9.270095556,-2.258715814,,104.8566945,-1.19323562,0.1836013297,0.003209096067
957.092,-6.105161099,0.4740033343,-29.25891796,-9.39087428,-2.237026069,,104.8555545,-1.169382147,0.2550992987,-0.03381101806
957.192,-6.106769102,0.4788389053,-28.77345094,-9.499481714,-2.208741956,,104.8500516,-0.9824055019,0.3116226912,-0.08182002985
957.292,-6.088265892,0.4785937697,-28.6500906,-9.589809407,-2.175860595,,104.8397924,-0.8244626698,0.3447863272,-0.1273168923
957.392,-6.069595258,0.4747160965,-28.69916497,-9.668033227,-2.140684854,,104.8253164,-0.7478408878,0.3564999463,-0.1651023624
957.492,-6.05707605,0.4679806926,-28.77997279,-9.74176381,-2.105117463,,104.8074683,-0.7343178493,0.3522337488,-0.1939649832
957.592,-6.049912581,0.45899855,-28.83052126,-9.815729275,-2.070508385,,104.7871462,-0.7497051873,0.3371866621,-0.2138425981
957.692,-6.045393313,0.4485120616,-28.8429645,-9.891572374,-2.037747013,,104.7652465,-0.7693878561,0.3152456331,-0.2247797295
957.792,-6.041481526,0.4374276924,-28.83145719,-9.969135912,-2.007384773,,104.7426585,-0.7828162902,0.2892935247,-0.2269259004
957.892,-6.037402178,0.4267033556,-28.81155073,-10.04769048,-1.979710043,,104.7202408,-0.7888591358,0.2617426942,-0.220822784
957.992,-5.922170285,0.418348632,-28.64700228,-10.15328852,-1.955073134,,104.6996937,-1.412871095,0.2305729853,-0.1875517015
958.092,-5.958938923,0.4136217951,-27.62078909,-10.33101208,-1.93280506,,104.6826996,-2.09519701,0.2191164968,-0.155350131
958.2,-6.051409109,0.4069722368,-26.40990236,-10.54546783,-1.910443739,,104.6677175,-2.120663761,0.2304243875,-0.1467785074
958.3,-6.064694167,0.3977193922,-25.70685945,-10.76325813,-1.884850531,,104.6521307,-1.867776972,0.2410342235,-0.1408597197
958.4,-6.045645134,0.3908061472,-25.54485465,-10.93955326,-1.860697874,,104.6386069,-1.656403966,0.2402455453,-0.1284370313
958.5,-6.026053924,0.3871223607,-25.61173107,-11.09924043,-1.836984222,,104.6266534,-1.545860654,0.232743392,-0.1094025774
958.6,-6.016074285,0.3867059625,-25.72726745,-11.25193011,-1.814083285,,104.6167636,-1.516443938,0.2249590876,-0.0876631509
958.7,-6.015402994,0.3888360526,-25.80935316,-11.40376545,-1.791791599,,104.6090187,-1.525247234,0.2214084139,-0.06716606258
958.8,-6.020252513,0.3926289035,-25.84572258,-11.55696049,-1.769592869,,104.6031638,-1.540456712,0.2236196475,-0.05047297885
958.9,-6.027383117,0.3973007082,-25.85337378,-11.71138447,-1.746928472,,104.5987571,-1.548156178,0.2309200008,-0.03869717676
959,-6.034796043,0.4022453564,-25.85172205,-11.866144,-1.723361471,,104.5952959,-1.546748771,0.2416565497,-0.03193506483
959.1,-6.041928623,0.4069728594,-25.85232266,-12.0204655,-1.698632057,,104.5922976,-1.539576908,0.2540149773,-0.02969887532
959.2,-6.048844784,0.4110985613,-25.85883854,-12.17394438,-1.672653514,,104.5893445,-1.53019096,0.2664061661,-0.03119374642
959.3,-6.055739014,0.414334006,-25.87058263,-12.32646689,-1.645482323,,104.5861062,-1.520646159,0.2775901526,-0.03546301386
959.4,-6.17223851,0.3638161101,-25.80622619,-12.4726767,-1.623388499,,104.5825308,-1.258836804,0.07315262819,-0.03531258778
959.5,-6.17579006,0.3775536117,-26.4254732,-12.5653984,-1.626617748,,104.5791365,-0.5556447218,-0.1697455765,-0.02912756609
959.6,-6.1721181,0.4137755818,-27.52565059,-12.59642085,-1.650099696,,104.5770932,-0.06146624143,-0.2888552741,-0.01074136843
959.7,-6.072940019,0.4330376318,-28.79372238,-12.59382093,-1.681381859,,104.5771779,0.03397579434,-0.3341990384,0.01447766515
959.8,-6.115827417,0.451706627,-29.5398131,-12.59422649,-1.71554387,,104.5796601,-0.002656835551,-0.3447372054,0.03189781196
959.9,-6.108948983,0.4690555925,-30.08472357,-12.59799897,-1.749709626,,104.5833119,-0.1007091015,-0.3353607662,0.03897687397
960,-6.174493172,0.4853783517,-30.30071638,-12.60962931,-1.782221804,,104.5870197,-0.06312494252,-0.3105179429,0.02917400053
960.1,-6.194539621,0.4977746724,-30.6973177,-12.60224961,-1.811876641,,104.5888428,0.1983736959,-0.281805933,0.004304794729
960.2,-6.282219218,0.5086005015,-31.10530887,-12.57468993,-1.839020861,,104.5881403,0.4694941466,-0.2587755274,-0.02607620094
960.3,-6.300776135,0.5151636686,-31.93773185,-12.5023141,-1.864086112,,104.5837251,0.9974153352,-0.2445581301,-0.06556459735
960.4,-6.328505533,0.5193845344,-33.15674216,-12.37020016,-1.888386932,,104.5752312,1.729506187,-0.2446035448,-0.1089323879
960.5,-6.338029743,0.481504564,-34.77455952,-12.16951334,-1.914179657,,104.5628599,2.334682224,-0.3221848205,-0.1392493059
960.6,-6.186956158,0.5177192463,-36.56873891,-11.92636304,-1.954103647,,104.5487583,2.416046285,-0.4672277818,-0.1401610804
960.7,-6.152915417,0.5364722277,-37.59261937,-11.69841132,-2.004017606,,104.5351752,2.091705592,-0.5268002243,-0.1324517148
960.8,-6.177386231,0.5493594472,-37.90074547,-11.50463402,-2.057727136,,104.5220449,1.775993403,-0.543622474,-0.1333046499
960.9,-6.212372374,0.5579699259,-37.83412761,-11.33604631,-2.111931505,,104.508281,1.605587502,-0.5375566323,-0.1458528824
961,-6.003248683,0.5648208708,-37.43798052,-11.22849738,-2.165651705,,104.4947556,0.3853180401,-0.5324912081,-0.1241065988
961.1,-6.201195936,0.5709250659,-35.52844156,-11.23285425,-2.217365242,,104.4824049,-0.3491530243,-0.4924338431,-0.1336388075
961.2,-6.312137306,0.5666744533,-33.89046,-11.26606177,-2.264053864,,104.467186,-0.2204217141,-0.4382321781,-0.1781079547
961.3,-6.315572592,0.5561727646,-33.11879285,-11.27120807,-2.306093031,,104.4472939,0.1503869771,-0.4045772036,-0.2228727637
961.4,-6.282181904,0.5447637992,-32.98844196,-11.24176353,-2.346090581,,104.4235784,0.4354192479,-0.3992099209,-0.2521028917
961.5,-6.250900878,0.5351438869,-33.13461854,-11.19111567,-2.386554752,,104.3977409,0.56321916,-0.4135469986,-0.2643851959
961.6,-6.233515367,0.5280060264,-33.30960072,-11.13332523,-2.428901895,,104.3712827,0.58040197,-0.4357335996,-0.2644404744
961.7,-6.227950698,0.5232033545,-33.4165147,-11.07635921,-2.473486043,,104.345172,0.5524372821,-0.4571884637,-0.2576600013
961.8,-5.975412759,0.521850818,-33.30298906,-11.06629311,-2.520600791,,104.3218383,-0.595155263,-0.4848416616,-0.200329842
961.9,-6.045414823,0.5251812805,-31.60693206,-11.17612411,-2.568970047,,104.3039794,-1.707208593,-0.4765096209,-0.1555518851
962,-6.193164001,0.5246006347,-29.28372917,-11.37595628,-2.614803632,,104.2891875,-2.154177738,-0.4315298506,-0.1500119439
962.1,-6.229706423,0.5171733032,-27.64141072,-11.58511915,-2.655504025,,104.2732952,-2.016448831,-0.3811147519,-0.1699052148
962.2,-6.254315313,0.5080819745,-26.70381597,-11.77269872,-2.691886518,,104.2553393,-1.690063448,-0.3471968603,-0.1919287907
962.3,-6.231035863,0.4997039564,-26.44948332,-11.92666904,-2.725869753,,104.235515,-1.384902338,-0.3349662222,-0.2046918543
962.4,-6.203894787,0.49432176,-26.54290489,-12.05641453,-2.759451351,,104.2150298,-1.221456607,-0.3389105649,-0.204340802
962.5,-6.189311042,0.4923181515,-26.71526585,-12.17570798,-2.793783022,,104.1950307,-1.176277798,-0.3488479755,-0.1952219895
962.6,-6.187609158,0.4930637709,-26.84106468,-12.29357958,-2.829071793,,104.176123,-1.188009327,-0.3569591389,-0.1831365947
962.7,-6.257741359,0.4542524959,-26.82842243,-12.41263617,-2.865435153,,104.1583789,-1.125435326,-0.415381138,-0.1737784165
962.8,-6.330428064,0.4439107697,-27.25722369,-12.48825511,-2.922896265,,104.1407124,-0.31869541,-0.7674344119,-0.1768437907
962.9,-6.263272637,0.4939969312,-28.40263929,-12.49917719,-3.008077334,,104.1240536,0.09912124814,-0.9190211388,-0.1550958797
963,-6.229548884,0.5218984356,-29.57964502,-12.47571673,-3.102387417,,104.1095363,0.3116767298,-0.962151203,-0.132469661
963.1,-6.274862239,0.5483081517,-30.37253396,-12.44919016,-3.199034334,,104.0976201,0.2434657738,-0.9643635557,-0.1101942198
963.2,-6.366057471,0.5314046637,-30.90443229,-12.41919707,-3.294849972,,104.0865144,0.4693313239,-0.9922088966,-0.1201373371
963.3,-6.296179451,0.5854567076,-31.76395733,-12.36054849,-3.3985202,,104.0738801,0.6465789072,-1.065326656,-0.1330332383
963.4,-6.283060668,0.6183149158,-32.36225124,-12.29916264,-3.505077612,,104.0601249,0.5494987241,-1.058077246,-0.1457012637
963.5,-6.29988146,0.6433000983,-32.61472401,-12.25095005,-3.609377216,,104.0445611,0.4054770849,-1.022172832,-0.1715888379
963.6,-6.323391984,0.6621420068,-32.64790174,-12.215188,-3.709526308,,104.0256686,0.3117141528,-0.9765323478,-0.2133276058
963.7,-6.34213032,0.6326516548,-32.6072177,-12.18593034,-3.805629232,,104.0020471,0.2779801137,-0.9903647056,-0.2636397991
963.8,-6.401319332,0.6447485695,-32.55525161,-12.15334174,-3.912160114,,103.9734439,0.4545926364,-1.171289724,-0.3159799939
963.9,-6.416719212,0.6781078178,-32.82633849,-12.09554488,-4.033628534,,103.9394361,0.757353907,-1.245076029,-0.372077318
964,-6.399083306,0.6722437287,-33.46126239,-12.00113118,-4.166254375,,103.8998925,1.100191059,-1.405335593,-0.418096916
964.1,-6.355270708,0.6935644284,-34.13855413,-11.88942465,-4.30989276,,103.8571401,1.09317351,-1.461837172,-0.4368820232
964.2,-6.352731002,0.7057785696,-34.49720051,-11.78584755,-4.457006763,,103.8129567,0.9612859239,-1.477569486,-0.4490247417
964.3,-6.366998807,0.7148056164,-34.59207819,-11.69532215,-4.604733416,,103.7673858,0.8473175855,-1.474590665,-0.4661012208
964.4,-6.092165287,0.7912167138,-34.5554991,-11.64725089,-4.748746077,,103.7223941,-0.1909024086,-1.313079157,-0.4187877485
964.5,-6.186695775,0.805623054,-32.78376786,-11.72600434,-4.861587663,,103.6823299,-1.406241571,-0.9127371952,-0.3927945516
964.6,-6.352877869,0.7408495995,-30.36636424,-11.8988098,-4.939368309,,103.6417445,-1.907065501,-0.6606060581,-0.4395707976
964.7,-6.430042834,0.7043141203,-28.63231961,-12.07909728,-4.999940399,,103.5932684,-1.605644036,-0.5585909089,-0.5422393309
964.8,-6.63930599,0.5072475927,-27.79602605,-12.20746133,-5.06446831,,103.5342988,-0.6391665508,-0.9714858548,-0.6516026402
964.9,-6.566812272,0.4747973949,-28.89421264,-12.20468519,-5.197691251,,103.4654807,0.7513930261,-1.791209228,-0.7136410152
965,-6.392861171,0.5704124846,-31.08559266,-12.087498,-5.408114871,,103.3951448,1.456733041,-2.418533775,-0.6688998607
965.1,-6.385235376,0.6177113814,-32.93302343,-11.92945995,-5.666788894,,103.3322613,1.689390988,-2.776602853,-0.5792748156
965.2,-6.329147111,0.6917771833,-34.32802831,-11.76794386,-5.952517066,,103.2795294,1.466064732,-2.915278362,-0.4666753388
965.3,-6.354216048,0.7533514516,-34.89051298,-11.63737668,-6.244488478,,103.237209,1.124625822,-2.906625066,-0.3813694548
965.4,-6.403683757,0.8122142323,-34.92568184,-11.5363551,-6.531675377,,103.2009233,0.9021497959,-2.820943691,-0.3529611728
965.5,-6.314777019,0.8238807784,-34.9343033,-11.45224994,-6.808836881,,103.1649573,0.6510155215,-2.760475617,-0.3587242737
965.6,-6.327456226,0.8493253361,-34.10750462,-11.43521441,-7.093896998,,103.1328559,-0.3453679619,-2.956985177,-0.288192876
965.7,-6.487210878,0.9478971244,-32.57821803,-11.48559116,-7.392954208,,103.1026241,-0.5632322167,-2.983696316,-0.3428116642
965.8,-6.584747793,0.906665649,-31.6106985,-11.52852117,-7.707667573,,103.0631201,-0.1672981473,-3.384059816,-0.4680816141
965.9,-6.64003314,0.9291773989,-31.55375889,-11.51586028,-8.068552644,,103.0097869,0.5641122122,-3.837728596,-0.6240348785
966,-6.536046078,1.035994282,-32.41908608,-11.43740651,-8.462571424,,102.9417215,0.9384619572,-4.007641964,-0.7364096109
966.1,-6.56474713,1.090973266,-33.09192529,-11.34251035,-8.864003656,,102.8646412,0.98483975,-4.004992556,-0.8197840789
966.2,-6.603646197,1.127545803,-33.80710166,-11.22505569,-9.26163541,,102.7754494,1.406295243,-3.939913638,-0.981874958
966.3,-6.53108919,1.156275499,-34.76779755,-11.07920042,-9.653100735,,102.6717272,1.449242782,-3.887928961,-1.093087185
966.4,-6.585413746,1.181297769,-35.24097358,-10.9411631,-10.03989291,,102.5585152,1.352364603,-3.841964136,-1.189928035
966.5,-6.617260554,1.368685949,-35.57450331,-10.80383911,-10.41981275,,102.4336479,1.433086769,-3.561748477,-1.335689005
966.6,-6.55604485,1.452636915,-36.08347665,-10.65550353,-10.7229462,,102.290087,1.490625456,-2.375551373,-1.554924013
966.7,-6.42421066,1.573060149,-36.43191478,-10.52413003,-10.86207887,,102.1241162,1.028509413,-0.2291356814,-1.785736785
966.8,-6.487014442,1.295455402,-36.04104382,-10.44421065,-10.80490223,,101.9336916,0.5983316922,1.267840718,-2.052305223
966.9,-6.500241754,1.179095386,-35.55176043,-10.39173606,-10.63122598,,101.7152491,0.4746171947,2.208451173,-2.339175938
967,-6.471098962,0.9829115909,-35.24605236,-10.34422462,-10.37729646,,101.4696061,0.4858213809,2.823874999,-2.581211494
967.1,-6.322877482,0.8786105784,-35.12194927,-10.30317075,-10.07304155,,101.2053663,0.1803931863,3.371013424,-2.681355437
967.2,-6.248297042,0.6756924376,-34.50459256,-10.30664831,-9.726413414,,100.9376515,-0.3626444233,3.56659373,-2.644806588
967.3,-6.157323233,0.3279468243,-33.41986742,-10.37172774,-9.375606334,,100.6795118,-1.019432782,3.237361217,-2.475788914
967.4,-6.255559105,0.01397811114,-31.82705048,-10.48757677,-9.106044399,,100.4432731,-1.189843048,1.87944899,-2.216762802
967.5,-6.25190046,0.001655490408,-30.7835615,-10.59488355,-8.984779741,,100.2360469,-0.8996884878,0.4788813893,-1.889106205
967.575,-6.117720136,0.03133973078,-30.48902709,-10.6609311,-8.979428197,,100.1052142,-0.9334848944,-0.3536701771,-1.550053618
967.675,-6.156399813,0.1143394098,-29.83264153,-10.75645813,-9.039574938,,99.97079584,-0.9342991249,-0.801013464,-1.115839267
967.775,-6.172411039,0.1781645096,-29.4298959,-10.84322766,-9.126116551,,99.87640928,-0.7791600432,-0.9016230965,-0.7554665929
967.875,-6.187515675,0.2607141018,-29.28810259,-10.91343406,-9.214222854,,99.81457191,-0.6190390703,-0.833931543,-0.4725514282
967.975,-6.207838438,0.3636037063,-29.30018068,-10.96989826,-9.290431284,,99.77714096,-0.5126417973,-0.6620345507,-0.2761047567
968.075,-6.443704585,0.4343675444,-29.26944291,-11.00341342,-9.355963626,,99.75318947,0.1386466684,-0.6550562613,-0.2565455382
968.175,-6.408336459,0.5811230062,-30.5659295,-10.94211324,-9.414347017,,99.72221773,1.078129601,-0.4766992247,-0.3740820104
968.275,-6.429330153,0.7016586914,-32.14313045,-10.81730778,-9.451421304,,99.68060102,1.459773907,-0.2386224373,-0.4846637218
968.375,-6.479445289,0.8031887842,-33.54388607,-10.66445712,-9.4642788,,99.6260265,1.640836672,0.001489513188,-0.6373330724
968.475,-6.390258441,0.8802228395,-34.92609375,-10.49326372,-9.453997062,,99.55337471,1.694236342,0.2121438582,-0.8243891579
968.575,-6.380735348,0.93266493,-35.72688322,-10.33509791,-9.425146482,,99.46333515,1.426042586,0.3702513981,-0.9928308419
968.675,-6.273737219,0.8716432379,-36.1377157,-10.20701866,-9.38377434,,99.35619454,0.9867225152,0.358027095,-1.140854723
968.775,-6.12268432,0.9192858678,-35.46490434,-10.17665811,-9.366254002,,99.24474758,-0.5629228338,0.0185515195,-1.074557196
968.875,-6.323411835,0.9057747953,-32.98987443,-10.29360294,-9.372568781,,99.13898936,-1.691552066,-0.1737518839,-1.065857151
968.975,-6.35632458,0.8953866364,-30.42585888,-10.4956073,-9.394869971,,99.03088411,-2.29904029,-0.2615104278,-1.112924691
969.075,-6.409772527,0.8498245368,-28.29973386,-10.72445868,-9.422541928,,98.9141538,-2.238272213,-0.2970015264,-1.230532295
969.175,-6.427418533,0.7917940314,-27.06040525,-10.93245096,-9.454461932,,98.78552569,-1.863215573,-0.3520070884,-1.348918888
969.275,-6.380454377,0.7333143688,-26.69153426,-11.1006982,-9.493576936,,98.64715319,-1.494483401,-0.4443358391,-1.412981601
969.375,-6.597323363,0.6054085373,-26.84181123,-11.20192941,-9.566931517,,98.50092773,-0.2297441286,-1.068581668,-1.54433491
969.475,-6.53057464,0.5732664949,-28.74706705,-11.16129276,-9.707537425,,98.34248959,1.133382215,-1.77022531,-1.620101673
969.575,-6.364861549,0.6356824999,-31.34149282,-11.02060449,-9.902137315,,98.18387223,1.580634193,-2.101743258,-1.522811149
969.675,-6.266304505,0.6812588165,-33.27416572,-10.86663321,-10.11968874,,98.03972754,1.392511432,-2.239303861,-1.334478621
969.775,-6.312884025,0.7347503181,-34.21534485,-10.73578409,-10.34513726,,97.91341932,1.195859398,-2.255792334,-1.185504686
969.875,-5.817146389,1.053749747,-35.01586625,-10.65058671,-10.55214528,,97.80380432,-0.1650579971,-1.516287026,-0.9083701069
969.975,-5.859480168,1.048806096,-32.32432583,-10.81841207,-10.64399253,,97.73686957,-3.392769993,-0.2476187058,-0.4254631853
970.075,-6.186385738,1.024415453,-27.23090542,-11.24322097,-10.62602897,,97.70110433,-4.999397278,0.7076186603,-0.3433756929
970.175,-6.467043127,0.9016896825,-22.69919205,-11.74824459,-10.52384405,,97.65602046,-4.843202798,1.30215472,-0.6261522463
970.275,-6.454336695,0.8270807698,-20.44936591,-12.19226183,-10.38031086,,97.57552555,-3.941465028,1.54795873,-1.010657731
970.375,-6.421265709,0.7570105796,-19.89234138,-12.54877061,-10.22190154,,97.45994171,-3.119969138,1.600768779,-1.315590053
970.475,-6.678792535,0.6157134892,-20.46702058,-12.78881592,-10.06591734,,97.31108746,-1.276672886,1.415692823,-1.722223336
970.575,-6.512065554,0.5072586716,-23.58841979,-12.82680396,-9.950092183,,97.12418766,0.4630512848,0.7958196803,-1.982705467
970.675,-6.359440874,0.5158299994,-27.21694477,-12.73591863,-9.902866043,,96.92413085,1.221696156,0.1564635521,-1.975921724
970.775,-6.252312786,0.5249439037,-30.01794068,-12.61963139,-9.905215392,,96.73538432,1.015685435,-0.2007974763,-1.769319486
970.875,-6.226026014,0.5327165837,-31.56148351,-12.53692544,-9.935735124,,96.56968277,0.5674004681,-0.4075587806,-1.521415066
970.975,-6.123954762,0.7239113204,-31.99982614,-12.51826268,-9.96047265,,96.43012809,-0.3582371888,0.1026906457,-1.249642336
971.075,-6.110059625,0.7023863732,-30.95045272,-12.61545964,-9.916616064,,96.31790713,-1.666321902,0.8207577941,-0.9918277073
971.175,-6.403828775,0.6184844223,-28.75330015,-12.80980954,-9.813297686,,96.22292658,-2.007486985,1.221440139,-0.951907924
971.275,-6.691332861,0.5486691466,-27.75062138,-12.94659897,-9.690249182,,96.11592365,-0.4310819493,1.191834795,-1.234807819
971.375,-6.489983848,0.5692747774,-29.25218916,-12.93016096,-9.572988776,,95.98295399,0.7117752456,1.15371666,-1.41311977
971.475,-6.448905025,0.5781342582,-31.08745542,-12.83508184,-9.459400869,,95.83890946,1.230444432,1.117331314,-1.47351202
971.575,-6.352145811,0.5861709407,-32.80966949,-12.70979944,-9.349973046,,95.69262269,1.176684898,1.065678324,-1.435884956
971.675,-6.352528795,0.5962116585,-33.68210639,-12.60706657,-9.245569396,,95.55260708,0.8401371686,1.022792016,-1.360185451
971.775,-6.095983731,0.5762189638,-34.13742202,-12.5484458,-9.14804077,,95.42154199,-0.03507101164,0.8677629548,-1.19979667
971.875,-6.252491519,0.608699505,-32.61326154,-12.61517266,-9.066720239,,95.31214637,-1.250533709,0.7802146055,-1.002043737
971.975,-6.43748425,0.618340132,-30.55667199,-12.75950561,-8.987776683,,95.21438134,-1.503773288,0.8129287993,-0.9788428503
972.075,-6.556696426,0.5452709655,-29.21595447,-12.8967347,-8.907362117,,95.11377125,-1.103570285,0.7057014932,-1.051077798
972.175,-6.592184532,0.503582086,-29.05494515,-12.96933502,-8.855433953,,95.00398363,-0.2012582307,0.2635575684,-1.158380966
972.275,-6.541854381,0.5819254437,-30.08631645,-12.94643239,-8.843215329,,94.88409726,0.6699657754,0.01125129089,-1.236607197
972.375,-6.535112634,0.6124760008,-31.56937267,-12.85459476,-8.846475142,,94.75934828,1.152301625,-0.06989995976,-1.253675334
972.475,-6.577521736,0.6367693407,-32.89508758,-12.73205157,-8.855330073,,94.63526135,1.353746108,-0.1005349638,-1.237159638
972.575,-6.479863158,0.6600658277,-34.24347443,-12.58718593,-8.865579995,,94.51175257,1.460494303,-0.1046605197,-1.221256161
972.675,-6.467929167,0.6860566879,-35.03910364,-12.44980373,-8.875926451,,94.39186566,1.248838075,-0.09825500866,-1.174423147
972.775,-6.543556193,0.7108055048,-35.29279955,-12.33066251,-8.884470688,,94.27519233,1.205771411,-0.06411978278,-1.175816769
972.875,-6.650611384,0.6875512482,-35.49850468,-12.20401787,-8.889296838,,94.15578156,1.460780125,-0.0724071372,-1.236647021
972.975,-6.614782063,0.734008646,-36.22516098,-12.03816543,-8.900560305,,94.02823794,1.881102741,-0.1375526161,-1.322095769
973.075,-6.641163095,0.755106296,-37.12973276,-11.83210988,-8.914590777,,93.89222327,2.260587457,-0.139510729,-1.405470128
973.175,-6.542826275,0.7399517284,-38.23629798,-11.59813805,-8.931903393,,93.74953282,2.348821641,-0.257582574,-1.437838712
973.275,-6.519053977,0.7719890573,-38.88515014,-11.37066591,-8.962178892,,93.60617411,2.167503303,-0.33826077,-1.428370227
973.375,-6.531837214,0.7862844003,-39.08995967,-11.16303662,-8.997248781,,93.46371265,1.978752474,-0.3589158099,-1.424381792
973.475,-6.550534384,0.792671794,-39.05728194,-10.97073665,-9.03324795,,93.32088446,1.871763433,-0.3590127371,-1.437138024
973.575,-6.153954192,0.79363006,-39.03863889,-10.82527208,-9.070402875,,93.1826236,0.5821528298,-0.3967374565,-1.259407761
973.675,-6.281899109,0.7999005077,-36.25314039,-10.88149903,-9.112378979,,93.07332102,-1.700338967,-0.4274984527,-0.9375834671
973.775,-6.562087719,0.7928288853,-32.37083211,-11.08451653,-9.152188181,,92.98211753,-2.195871011,-0.354739204,-0.9196401189
973.875,-6.651187049,0.7707477675,-29.7887647,-11.28518036,-9.183423179,,92.88462312,-1.686120333,-0.2668902474,-1.054026938
973.975,-6.618678763,0.7434981362,-28.84072502,-11.42200011,-9.207661112,,92.77267939,-1.020376939,-0.2240693381,-1.188904112
974.075,-6.549539393,0.71896627,-28.86453748,-11.50261444,-9.230156916,,92.65013885,-0.6100528562,-0.2341638186,-1.256729741
974.175,-6.710102685,0.7010799738,-29.12073327,-11.53762124,-9.254615453,,92.52094877,0.1109143557,-0.2539416365,-1.357391013
974.275,-6.736599739,0.6856555009,-30.49073622,-11.47727063,-9.281126083,,92.37874749,1.216050565,-0.2812166161,-1.501479467
974.375,-6.545968683,0.6778322114,-32.90487442,-11.31399852,-9.311647536,,92.2242615,1.89955598,-0.3439445127,-1.557831869
974.475,-6.245909836,0.6825785373,-35.00793128,-11.13255606,-9.350206252,,92.07274445,1.411790767,-0.440520647,-1.417011513
974.575,-6.225696866,0.7041780066,-34.61990882,-11.09323531,-9.399700374,,91.95020293,-0.6849103054,-0.5367101516,-1.029028018
974.675,-6.328422343,0.7503686941,-32.34891803,-11.21589198,-9.449763525,,91.85661063,-1.75379889,-0.4021860487,-0.8541171123
974.775,-6.401617948,0.741236906,-29.49474326,-11.4490695,-9.484002957,,91.77981427,-2.843185621,-0.2765552136,-0.7010443807
974.875,-6.459052692,0.754627151,-26.66748893,-11.7551439,-9.499021842,,91.711,-3.283307872,-0.02141235993,-0.6824881954
974.975,-6.56702918,0.7315457665,-24.42481993,-12.07502322,-9.493699775,,91.63867794,-2.993726865,0.1273198186,-0.7892156974
975.075,-6.547271642,0.711261906,-23.48262745,-12.34992595,-9.476809865,,91.55353619,-2.469820024,0.2057124758,-0.9213589676
975.175,-6.433972394,0.5777262708,-23.48933288,-12.57910131,-9.459259742,,91.45742365,-2.192806215,-0.01098352793,-0.9786656102
975.275,-6.445938216,0.5645029105,-23.4480081,-12.8001303,-9.478836448,,91.36114383,-2.221902929,-0.4429069822,-0.9406908854
975.375,-6.587229562,0.5443216574,-23.23701432,-13.02021067,-9.549434589,,91.26989281,-2.030396079,-1.019368932,-0.9001085358
975.475,-6.717795635,0.649899543,-23.67586098,-13.18287417,-9.669817249,,91.17721262,-1.039650112,-1.336334368,-0.9801761435
975.575,-6.708734238,0.690028602,-25.52423848,-13.22225108,-9.806625266,,91.07201337,0.2884644373,-1.390181374,-1.125699781
975.675,-6.714158925,0.7256891301,-28.03736485,-13.15269445,-9.946380052,,90.95589645,1.166976053,-1.398845775,-1.207035699
975.775,-6.586120412,0.8111679169,-30.87232122,-13.00350539,-10.07495588,,90.83133355,1.730455669,-1.127358738,-1.275210068
975.875,-6.508599005,0.867190551,-33.0595092,-12.83930439,-10.18069811,,90.70568656,1.436547496,-0.9512868664,-1.225961108
975.975,-6.574804532,0.8699028361,-34.07908363,-12.70788347,-10.266318,,90.58346612,1.162658989,-0.7723258678,-1.223131297
976.075,-6.471435869,0.9362609189,-34.64530629,-12.6071169,-10.33861181,,90.46089936,0.6949254347,-0.6294094649,-1.21221181
976.175,-6.441087453,0.9242450167,-34.16107632,-12.58090531,-10.39323791,,90.34315264,-0.2662983464,-0.475207947,-1.137819405
976.275,-6.488032186,0.9247117558,-32.58278295,-12.65583897,-10.43735912,,90.23316063,-1.27634613,-0.4061004105,-1.066368145
976.375,-6.667879238,0.9155930744,-30.47610113,-12.80183712,-10.47465195,,90.12453507,-1.511352249,-0.3324273853,-1.140786406
976.475,-6.71878222,0.891807894,-29.21696016,-12.94025109,-10.50503712,,90.00338616,-1.194915292,-0.278022897,-1.298916903
976.575,-6.529866351,0.7991673616,-28.89802292,-13.05583495,-10.54094967,,89.87002606,-1.25576912,-0.5021745356,-1.33922277
976.675,-6.592589521,0.7746843561,-28.00331213,-13.20676981,-10.61364552,,89.74073582,-1.709017722,-0.9779850365,-1.251552908
976.775,-6.787912795,0.7558624862,-26.93888493,-13.37695764,-10.7223567,,89.61651745,-1.495784566,-1.217723078,-1.265826651
976.875,-6.813849051,0.7215664928,-26.97188802,-13.49098244,-10.86093944,,89.48596508,-0.6598217603,-1.580507538,-1.359828771
976.975,-6.91649031,0.7742424245,-28.08859406,-13.49887778,-11.02960992,,89.34269765,0.6538019796,-1.765711052,-1.528831629
977.075,-6.70479112,0.7986912845,-30.5442602,-13.39211915,-11.2099392,,89.18594265,1.393821475,-1.842660789,-1.583492596
977.175,-6.644829026,0.8324918274,-32.67006214,-13.24274911,-11.39658313,,89.02935983,1.488099438,-1.890589317,-1.525325987
977.275,-6.636128782,0.8765576296,-33.92625181,-13.10899833,-11.58668954,,88.88240487,1.129674329,-1.90404521,-1.405254795
977.375,-6.78713084,0.9243130194,-34.30923868,-13.00058103,-11.77503443,,88.74350305,1.109760184,-1.847689716,-1.394594941
977.475,-6.760908021,0.9677034297,-34.83829975,-12.88497989,-11.9559681,,88.60216046,1.169075534,-1.763832158,-1.433549679
977.575,-6.799089092,1.024139156,-35.26741538,-12.75959838,-12.12024889,,88.4542313,1.325897935,-1.518229917,-1.533641999
977.675,-6.818185869,1.058027349,-35.81439456,-12.6162522,-12.25761714,,88.29426794,1.519056039,-1.235367269,-1.672968108
977.775,-6.875266846,1.132050422,-36.44442861,-12.44903137,-12.37049979,,88.11859213,1.875906681,-0.9281374251,-1.86836201
977.875,-6.833551741,1.122743686,-37.45218912,-12.24570939,-12.43910387,,87.92186898,2.135859988,-0.4313944813,-2.068452992
977.975,-6.77939135,1.141745271,-38.2967527,-12.03651076,-12.44727353,,87.70838836,1.997190973,0.2778724603,-2.206950429
978.075,-6.652364554,1.197661325,-38.74076604,-11.85320311,-12.39291768,,87.48361032,1.497093643,0.9532806082,-2.272110974
978.175,-6.601979697,1.049153822,-38.17474463,-11.74672387,-12.27572542,,87.25818244,0.5237432894,1.361702216,-2.223252185
978.275,-6.596893681,0.8662302381,-36.68580876,-11.73364553,-12.13306928,,87.03836512,-0.3049438839,1.39635456,-2.164118649
978.375,-6.547515761,0.6806773853,-34.74781315,-11.80202118,-12.01983061,,86.82828936,-1.16072531,0.7639936298,-2.003936423
978.475,-6.666205467,0.7073561592,-32.06964639,-11.96097431,-11.96945526,,86.63892776,-1.871912993,0.2878257143,-1.805972717
978.575,-6.757083354,0.6684937163,-29.94319551,-12.13955914,-11.94984428,,86.46021213,-1.584125032,0.1118260816,-1.77973136
978.675,-6.96073351,0.6681015157,-29.1563156,-12.24022363,-11.94145272,,86.27546617,-0.1549621734,0.1097897807,-1.960244863
978.775,-6.705037276,0.6007869521,-30.66198779,-12.20627689,-11.9281094,,86.07586333,0.7113490837,0.1240406141,-1.989496852
978.875,-6.754426365,0.5131032445,-32.09269924,-12.11473319,-11.92269258,,85.88047363,1.27693314,-0.1143026764,-1.934005838
978.975,-6.715410144,0.5803623898,-33.8874853,-11.96001108,-11.94680915,,85.68982507,1.800282941,-0.344413151,-1.864933893
979.075,-6.831982032,0.630145073,-35.47884247,-11.75815966,-11.98460973,,85.50597354,2.386144196,-0.3918899693,-1.839243077
979.175,-6.675635806,0.6825550531,-37.45570952,-11.50607355,-12.02370182,,85.32481214,2.533139895,-0.3854618353,-1.757056991
979.275,-6.652878342,0.7610915154,-38.57623662,-11.26586663,-12.05305897,,85.1548493,2.21629053,-0.1924752889,-1.637629484
979.375,-6.692719523,0.8072466333,-38.90017926,-11.05970835,-12.06610055,,84.99478507,1.898884131,-0.06026827856,-1.572131977
979.475,-6.739535914,0.8547431104,-38.82024179,-10.87892253,-12.06638932,,84.83773688,1.725842508,0.06505949706,-1.58289683
979.575,-6.698239025,1.024825632,-38.72278437,-10.71041467,-12.04236603,,84.67622347,1.57686677,0.565683627,-1.655700359
979.675,-6.641006846,1.001955455,-38.41988502,-10.56988557,-11.95460231,,84.50737687,1.106030844,1.188078109,-1.712956222
979.775,-6.655616219,0.9410380745,-37.46825429,-10.49091864,-11.8126547,,84.3346998,0.4584306535,1.614366348,-1.753662815
979.875,-6.771037279,0.8800210725,-36.15485217,-10.45871055,-11.64440599,,84.15474744,0.2665465314,1.733255598,-1.872074623
979.975,-6.783760985,0.8227406871,-35.34851672,-10.42565816,-11.47042537,,83.96054617,0.4311280664,1.731374887,-2.022525041
980.075,-6.74841337,0.7607702452,-35.07590877,-10.37308283,-11.30032442,,83.75312043,0.6250355372,1.654227411,-2.124634824
980.175,-6.67023427,0.7319505528,-34.99193354,-10.3166028,-11.12555759,,83.54018889,0.490602073,1.820684908,-2.129202832
980.275,-6.598657536,0.6599287201,-34.56734934,-10.29296465,-10.93831994,,83.33223195,-0.01549567273,1.898482042,-2.026324806
980.375,-6.488724798,0.6244327848,-33.75929441,-10.31814835,-10.74087754,,83.13524623,-0.5989138704,2.073939176,-1.889509338
980.492,-6.401020623,0.6294588892,-33.42742599,-10.34183291,-10.67097902,,83.07313624,-0.9322681155,2.145200897,-1.815021198
980.617,-6.523154312,0.5137288713,-30.98984231,-10.51597054,-10.40553768,,82.87583175,-1.85733719,2.359151108,-1.598107835
980.683,-6.498826767,0.5551459511,-27.53107693,-10.89623878,-10.01604522,,82.64479206,-2.653271102,2.673954584,-1.370975713
980.783,-6.56141212,0.4320555271,-25.87017264,-11.15442573,-9.726691373,,82.50823182,-2.423240928,3.110018739,-1.370924266
980.883,-6.533189954,0.3415344854,-25.18339874,-11.37827488,-9.408533484,,82.37071668,-2.029439081,3.223154317,-1.373367777
980.983,-6.486654414,0.2953468098,-25.12115116,-11.56727036,-9.086764613,,82.23504959,-1.75768219,3.198545795,-1.328252589
981.083,-6.617806414,0.2691050605,-25.19512498,-11.72594041,-8.769103852,,82.10425396,-1.196639676,3.155746586,-1.311942728
981.183,-6.545706523,0.2519380561,-26.1994759,-11.81906081,-8.455894969,,81.97442754,-0.673824055,3.101491265,-1.272479562
981.283,-6.446113787,0.246543685,-27.37009153,-11.87559307,-8.148518098,,81.85126695,-0.5316063651,3.040533471,-1.171372386
981.383,-6.426511522,0.2965569937,-28.06751671,-11.93504646,-7.846249656,,81.74027666,-0.6925462338,3.055423168,-1.041184426
981.483,-6.442689299,0.4184833921,-28.28159993,-12.01304117,-7.517146869,,81.64011385,-0.8760137213,3.709791994,-0.9743062905
981.583,-6.712207358,0.3598168219,-28.28607588,-12.07605964,-7.11575996,,81.53934467,-0.1429846367,4.369201089,-1.079010538
981.683,-6.666231136,0.27371597,-29.74983722,-12.03900125,-6.664251842,,81.42486387,0.9318787761,4.618132114,-1.212264237
981.783,-6.671870731,0.234760476,-31.87519883,-11.90270087,-6.200854142,,81.29977613,1.895543921,4.630437719,-1.295052742
981.883,-6.518708317,0.08974267948,-34.43995994,-11.69168708,-5.745921325,,81.17073923,2.246166571,4.302054551,-1.262755515
981.983,-6.43188253,0.1146790573,-36.20399355,-11.47753309,-5.338646225,,81.05046065,1.943083185,3.824205103,-1.125340073
982.083,-6.258663746,-0.01171950083,-37.04445695,-11.31005061,-4.982932189,,80.94634971,1.156507002,3.061719961,-0.9137324117
982.183,-6.306121419,0.05023459076,-36.30020926,-11.23754231,-4.708297269,,80.86593503,0.2311681664,2.402966002,-0.6790266507
982.283,-6.467402841,0.1556142294,-34.5668395,-11.25432384,-4.49538416,,80.80854603,-0.4547283967,1.920030701,-0.4729728277
982.383,-6.5663676,0.1083108694,-33.06042087,-11.29815614,-4.349372867,,80.76927152,-0.3342810929,0.9953868029,-0.3043247134
982.483,-6.576240389,0.1757906562,-32.36167725,-11.31612548,-4.267792042,,80.74500565,0.003462281129,0.5940230961,-0.1736262443
982.583,-6.564012783,0.2379901226,-32.25869825,-11.30287268,-4.221888201,,80.73291455,0.2581787124,0.2744191393,-0.06214870178
982.683,-6.560127908,0.3782012039,-32.39313195,-11.27073002,-4.202312889,,80.7307584,0.3718313273,0.1660343181,0.01561179892
982.783,-6.567513512,0.4564534539,-32.55891226,-11.23225687,-4.182634687,,80.73408295,0.3866355386,0.2485620248,0.04402919651
982.883,-6.587000979,0.5285377889,-32.65543003,-11.19445314,-4.151437198,,80.73789447,0.3640148439,0.3923961276,0.02041937081
982.983,-6.607121192,0.5853868683,-32.69605961,-11.15920953,-4.105095993,,80.73713221,0.3384798528,0.5461079784,-0.04949429645
983.083,-6.62287634,0.6262870376,-32.70923534,-11.12620401,-4.04400702,,80.72773328,0.3201434958,0.6827754975,-0.1526470751
983.183,-6.771690497,0.4356200657,-32.57489203,-11.0931058,-3.982158558,,80.7075779,0.490643653,0.2635996345,-0.2558555187
983.283,-6.849375207,0.4433645174,-33.31763126,-10.98859184,-4.030555667,,80.67860513,1.723415614,-1.292796527,-0.3183974028
983.383,-6.837556932,0.5786154914,-35.10304998,-10.77802625,-4.198768652,,80.64629043,2.513469167,-2.040582693,-0.3271120712
983.483,-6.714713097,0.7055723386,-37.41083828,-10.48600123,-4.418378525,,80.61233484,3.197846003,-2.311328979,-0.3441293116
983.583,-6.672714654,0.77801858,-39.20916958,-10.17192981,-4.652591029,,80.57883365,3.050655485,-2.354207257,-0.3298290995
983.683,-6.627737312,0.8079739756,-40.27072792,-9.876945212,-4.889662041,,80.54555618,2.792382309,-2.423855111,-0.3368032639
983.783,-6.647936295,0.8802616905,-40.60467196,-9.612036963,-5.132401485,,80.51065503,2.493878507,-2.409784164,-0.3712577289
983.883,-6.681193182,0.9277407037,-40.54060718,-9.371848112,-5.369810398,,80.47042503,2.316526266,-2.326571636,-0.4463015279
983.983,-6.515692028,1.003192557,-40.52731775,-9.150312576,-5.597770835,,80.42178603,1.894309857,-2.181244627,-0.5196619221
984.083,-6.354795473,0.9940584864,-39.15266341,-9.056358738,-5.807425133,,80.37327859,-0.2768400468,-2.019395332,-0.4395007789
984.183,-6.716893947,0.9920956682,-35.7161277,-9.128056447,-6.003192802,,80.3268744,-0.9279635713,-1.886079364,-0.5265806528
984.283,-6.800652282,0.9704988283,-33.44599939,-9.20586896,-6.186775085,,80.26604416,-0.5149817233,-1.787031028,-0.7113864166
984.383,-6.888975435,0.9386364259,-32.43861821,-9.229598229,-6.363391736,,80.18664772,0.2091309491,-1.750471064,-0.9005734053
984.483,-7.000532221,0.9003270247,-33.07230859,-9.131561467,-6.538206593,,80.08432704,2.00680507,-1.756573564,-1.174717856
984.583,-6.795852236,0.8642855246,-35.81860782,-8.862276125,-6.71730596,,79.95757263,3.346797993,-1.844901397,-1.352682552
984.683,-6.538536387,0.8438859691,-38.70001447,-8.518484843,-6.908333988,,79.82158761,3.3488278,-1.989714443,-1.341871258
984.783,-6.543242629,0.8396023698,-40.0899956,-8.207832825,-7.113392314,,79.69129689,2.864766741,-2.111592752,-1.262647169
984.883,-6.516791467,0.8414496339,-40.66143998,-7.935483825,-7.328111853,,79.56771807,2.553506853,-2.18105042,-1.204567273
984.983,-6.528346314,0.8486006526,-40.69375373,-7.692051575,-7.547835453,,79.4495118,2.315968502,-2.209229632,-1.160302179
985.092,-6.541318244,0.85948113,-40.50526998,-7.466406838,-7.768813067,,79.33459845,2.205678768,-2.205461544,-1.141030554
985.192,-6.542942517,0.8743742189,-40.28658102,-7.229302393,-8.006580505,,79.21104244,2.178795911,-2.1788714,-1.144442971
985.292,-6.466982594,0.8895862184,-40.22225336,-7.012033838,-8.222917457,,79.0959673,2.095306975,-2.145289963,-1.150834409
985.392,-6.505885516,0.9238293707,-39.85690219,-6.812852246,-8.428324933,,78.98064901,1.909031856,-1.959468521,-1.165752827
985.492,-6.450091831,0.9664447376,-39.58296871,-6.624665378,-8.619176331,,78.86213806,1.796148922,-1.813297794,-1.204431509
985.592,-6.424964361,0.9396480986,-39.17700295,-6.455158056,-8.791996832,,78.74009578,1.549309653,-1.657447162,-1.236737272
985.692,-6.365974825,1.062784328,-38.5907149,-6.316723577,-8.943082207,,78.61507392,1.106295812,-1.228175234,-1.262815893
985.792,-6.251457464,1.152906112,-37.59778976,-6.240781437,-9.030992603,,78.48818832,0.2494600296,-0.3421796301,-1.27397271
985.892,-6.159526006,1.173241486,-35.84927879,-6.264046877,-9.023499942,,78.36019585,-0.8908026864,0.6921469769,-1.2860974
985.992,-6.045346669,1.259980456,-33.17062121,-6.425121961,-8.875319501,,78.23082192,-2.539303673,2.584574958,-1.314209386
986.092,-6.213937296,1.031853032,-29.49712477,-6.724079053,-8.548209827,,78.09143056,-3.342637097,3.987782009,-1.513874645
986.192,-6.359376607,0.8935164944,-26.49924609,-7.061636714,-8.098990289,,77.92663722,-3.245061521,5.10731088,-1.823633415
986.292,-6.301656301,0.6980652067,-25.01240017,-7.361056467,-7.502267534,,77.72678681,-2.68864151,6.820185761,-2.192876149
986.392,-6.182916341,0.3203467052,-24.66240826,-7.607112111,-6.79685223,,77.49603871,-2.234363026,7.154677679,-2.406023576
986.492,-6.066900453,0.08259769064,-24.77854496,-7.81823998,-6.089907416,,77.25282967,-2.008224739,6.916002615,-2.42956684
986.592,-5.974378108,-0.1051217637,-24.9542837,-8.015124107,-5.416029791,,77.01490745,-1.94645004,6.516413588,-2.29358309
986.692,-5.94869415,-0.258156552,-25.03207789,-8.209623918,-4.783630442,,76.79641318,-1.948591569,6.099579097,-2.037894069
986.792,-5.998126177,-0.3489569228,-25.02443121,-8.403679918,-4.188087439,,76.6073278,-1.929089577,5.836591914,-1.707996313
986.892,-6.030946989,-0.4488439736,-25.00215122,-8.594805592,-3.614869748,,76.45335167,-1.891341673,5.607002125,-1.334638146
986.992,-6.092160483,-0.3856055393,-24.96386061,-8.77738452,-3.059292645,,76.33722852,-1.684619572,5.640338655,-0.9671196272
987.092,-6.197204911,-0.3616564223,-25.22974426,-8.921379781,-2.45989887,,76.25390263,-1.06778225,6.400668339,-0.6885172016
987.192,-6.142307366,-0.4078665714,-26.35823326,-8.991289277,-1.783784931,,76.19543843,-0.3284745239,7.115225206,-0.4663939417
987.292,-6.203199378,-0.4654565843,-27.72257223,-8.994597885,-1.059213068,,76.15845059,0.4006215437,7.345432259,-0.261880633
987.392,-6.209750619,-0.5057066192,-29.6090974,-8.916458955,-0.3316939344,,76.14179626,1.264141441,7.152351752,-0.05479392281
987.492,-6.062506834,-0.6752721083,-31.89950578,-8.770144647,0.3583178475,,76.14680225,1.591133651,6.432522579,0.1791106791
987.592,-5.745985771,-0.6228425203,-33.44663544,-8.653573897,0.9364135529,,76.1769025,0.4144075543,5.039518365,0.4370145697
987.692,-5.805465154,-0.5691292903,-32.5284832,-8.690905914,1.385597946,,76.23067986,-1.172547469,3.82023474,0.6529953092
987.792,-5.970658986,-0.5010878877,-30.5530628,-8.836551827,1.706645955,,76.30621886,-1.611213247,2.488215748,0.8798264713
987.892,-6.048053485,-0.3457306476,-29.09959564,-8.990199099,1.911093086,,76.4042485,-1.324469552,1.537596482,1.09685017
987.992,-6.274775197,-0.1828329561,-28.75888834,-9.064570162,2.030110435,,76.52402192,0.1383929537,0.8035402452,1.316664233
988.092,-6.240335567,-0.01599350443,-30.59897509,-8.974997113,2.083856565,,76.66465666,1.73466618,0.2557687132,1.500457286
988.192,-6.120599595,0.1434792138,-33.55285339,-8.743258235,2.093373663,,76.82038738,2.80280955,-0.05382198444,1.603415492
988.292,-6.106851705,0.2934612328,-36.22692572,-8.446754978,2.084941808,,76.98121294,3.121142385,-0.1161033549,1.597780434
988.392,-6.080732079,0.4227688661,-38.35320229,-8.128452342,2.070453797,,77.13782592,3.19762444,-0.1383572751,1.511986112
988.492,-6.069924096,0.4809839974,-39.76423855,-7.8172133,2.055255786,,77.28246275,3.01313074,-0.1850397302,1.359527895
988.592,-6.099283053,0.5338604527,-40.51745172,-7.523514849,2.033057084,,77.41006832,2.88388996,-0.3186308666,1.17528816
988.692,-6.06262444,0.5699583835,-41.03139015,-7.236803799,1.981823204,,77.51955719,2.817551422,-0.7154749945,0.9976455695
988.792,-6.127579149,0.6131738771,-41.16029251,-6.960431036,1.884489605,,77.61196099,2.767131322,-1.238635815,0.8411957721
988.892,-5.958757108,0.3116484233,-41.57539207,-6.680043183,1.741750827,,77.68976159,2.680719695,-2.046628976,0.7232205477
988.992,-5.71222388,0.5544065864,-41.32595163,-6.457712489,1.466623649,,77.75967399,1.51116004,-3.360031351,0.6659096882
989.092,-5.609978011,0.7187123618,-39.2812747,-6.408528349,1.107589963,,77.82217454,-0.820846793,-3.745287023,0.5712387019
989.192,-5.920909703,0.807480704,-34.88791417,-6.595210855,0.7348673468,,77.87453893,-2.795467959,-3.626876878,0.4646716759
989.292,-6.080273026,0.8465531946,-30.33905839,-6.921480071,0.3914546393,,77.91584173,-3.570121756,-3.188260327,0.3466958107
989.392,-6.154573555,0.8385953707,-27.02692295,-7.259862394,0.08642541665,,77.94545583,-3.086940021,-2.880561442,0.2338681977
989.492,-6.036889124,0.9363591894,-25.51022499,-7.539756262,-0.1883063927,,77.96397619,-2.575165371,-2.456504568,0.1204635047
989.592,-6.049715526,0.8749672605,-24.63290087,-7.789644161,-0.3996317318,,77.96985735,-2.382000096,-1.745124471,-0.01674517395
989.7,-6.387835585,0.7524765496,-24.04140983,-8.012904837,-0.5496149614,,77.96001098,-1.32266551,-1.103186887,-0.1759622492
989.8,-6.510215217,0.6494896271,-25.83790506,-8.021214038,-0.6538855056,,77.93687122,1.45459929,-1.026793446,-0.2870580587
989.9,-6.180749251,0.5828491372,-30.29494178,-7.775720263,-0.7619098766,,77.90592799,3.299784663,-1.168349776,-0.3220908476
990,-5.915429264,0.5453722247,-34.6013638,-7.420310903,-0.8883730164,,77.87467356,3.627520492,-1.381029144,-0.2930037471
990.1,-5.782577136,0.5291704427,-37.43634644,-7.075174758,-1.035615032,,77.84804886,3.130470695,-1.571629362,-0.2312247205
990.2,-5.756004195,0.6068113959,-38.64286688,-6.798395547,-1.198269846,,77.82818632,2.350065684,-1.590902059,-0.1657293701
990.3,-5.494863121,0.8730851052,-38.85544637,-6.61333465,-1.326589974,,77.81287606,1.00315156,-0.6448601028,-0.1545965415
990.4,-5.687791919,0.824477542,-36.84259813,-6.599095802,-1.300466851,,77.79320076,-0.6617459937,1.234531321,-0.2678861066
990.5,-5.914173635,0.6796090493,-34.27285167,-6.686585101,-1.120752435,,77.75845751,-0.9296880072,2.387979578,-0.4485546875
990.6,-6.00908149,0.4615754193,-32.6278978,-6.763269743,-0.8533534667,,77.70565885,-0.4622470568,2.878080942,-0.6126448868
990.7,-6.041944816,0.4586103309,-32.24526697,-6.762972611,-0.5512987603,,77.63878723,0.6071343985,3.253280232,-0.7291094904
990.8,-5.873687016,0.2812069733,-33.22466237,-6.662781582,-0.2076419752,,77.56279215,1.380787681,3.546406844,-0.7819985171
990.9,-5.83067249,-0.03623184745,-34.49794933,-6.49526761,0.1296666938,,77.48635027,2.036771049,2.936421087,-0.7180124209
991,-5.647223189,-0.02832175844,-35.98048471,-6.283810049,0.3763429537,,77.42227263,2.090599094,1.990002668,-0.5401627757
991.1,-5.576404184,-0.08537937758,-36.79619247,-6.087814179,0.5282229729,,77.37928863,1.780903472,1.027892407,-0.2935358231
991.2,-5.446130797,-0.1665241853,-37.14124051,-5.925999599,0.5915491333,,77.362764,1.314067344,0.1428113875,-0.009288290355
991.3,-5.316997937,-0.1073965629,-36.43199196,-5.864536165,0.5682469085,,77.3750692,-0.2677980007,-0.6267511853,0.2742450159
991.4,-5.55189513,0.00963179189,-34.19066112,-5.936674368,0.4865259754,,77.4143768,-1.093606643,-0.9864468271,0.5249250949
991.5,-5.698207363,0.1176112457,-32.23001184,-6.047755932,0.3858368049,,77.47644775,-1.016865881,-0.9841144084,0.7209740397
991.6,-5.72483147,0.2022873673,-31.21048522,-6.131390338,0.2940164795,,77.55511311,-0.6121095454,-0.8259592171,0.8503457322
991.7,-5.707561667,0.2836559857,-30.93187992,-6.175609277,0.2205841944,,77.64352311,-0.2707243129,-0.6222999962,0.9101310101
991.8,-5.658751541,0.3632964218,-30.94521701,-6.203826601,0.1680323699,,77.73476001,-0.3147006264,-0.410408903,0.9017025954
991.9,-5.679947754,0.396791709,-30.847652,-6.236544809,0.1361726715,,77.82229848,-0.3364587204,-0.2546360011,0.8353464641
992,-5.692135546,0.4844677125,-30.76740995,-6.270137042,0.1139024256,,77.90137127,-0.334495871,-0.1670916903,0.729312814
992.1,-5.696705153,0.5360979659,-30.71923031,-6.303288489,0.1030994696,,77.96819022,-0.3299118636,-0.03850106141,0.5900431311
992.2,-5.41278344,0.5660034877,-30.57794721,-6.383394038,0.1042792099,,78.02004777,-1.501784036,0.06836587048,0.4286366996
992.3,-5.525365522,0.5794767757,-28.91321789,-6.579824777,0.1157023993,,78.05488679,-2.438505092,0.165619355,0.2512756594
992.4,-5.595144195,0.5303239788,-26.93807323,-6.85482318,0.1263480798,,78.07256409,-3.021509628,0.006071282127,0.09330120391
992.5,-5.689684061,0.5198675996,-25.21703034,-7.155663532,0.1162933599,,78.07607773,-2.898745512,-0.1975146188,-0.02875948813
992.6,-5.681210814,0.4414975142,-24.35556153,-7.428329791,0.08899951197,,78.06912109,-2.518244311,-0.4342732474,-0.1076252755
992.7,-5.80936061,0.3239580911,-23.93340241,-7.662776977,0.01595722594,,78.05774151,-1.980110571,-1.139451786,-0.1080318461
992.8,-5.701915657,0.3892632653,-24.58763882,-7.823404669,-0.1306887262,,78.04958684,-1.237824781,-1.753929529,-0.04662973905
992.9,-5.698125255,0.4011205814,-25.6379708,-7.914896566,-0.325332107,,78.04889982,-0.5279987839,-2.12505469,0.04094537213
993,-5.716100068,0.4261932037,-26.96511966,-7.94631872,-0.5461071795,,78.0573202,-0.002304722791,-2.280688328,0.1322253592
993.1,-5.731263662,0.4467965063,-28.64908766,-7.904161087,-0.7775440121,,78.07423215,0.8848006063,-2.345116279,0.2096265043
993.2,-5.590817602,0.4755088124,-30.73429514,-7.791311333,-1.013503674,,78.09836126,1.249504558,-2.371364484,0.2764050316
993.3,-5.578098488,0.5549954921,-32.1237435,-7.676419446,-1.250007386,,78.12851342,1.028744042,-2.307387549,0.3220662324
993.4,-5.549641979,0.5724907641,-32.9348188,-7.583661473,-1.472925073,,78.16123933,0.7815369875,-2.15279484,0.327113357
993.5,-5.567952553,0.6086568169,-33.20257332,-7.518266323,-1.682980816,,78.19304419,0.5149678716,-2.041207738,0.3003456766
993.6,-5.596883663,0.6451594364,-33.15954227,-7.475217283,-1.882229493,,78.22071028,0.3501949585,-1.935572267,0.2423299034
993.7,-5.618018497,0.6755348754,-33.01661625,-7.443757332,-2.071153668,,78.24136818,0.2859180552,-1.836385268,0.1594273816
993.8,-5.627121063,0.6976651385,-32.88841609,-7.415724163,-2.250746653,,78.25292848,0.2787316806,-1.751370284,0.0605851246
993.9,-5.626705589,0.711166532,-32.80777173,-7.387357387,-2.422726001,,78.25421877,0.2888954861,-1.686486405,-0.04511727916
994,-5.620597284,0.7164787239,-32.7651395,-7.358068537,-2.589247402,,78.24492763,0.294749839,-1.644237316,-0.149779699
994.1,-5.611584074,0.7145520422,-32.74014319,-7.328667773,-2.75257547,,78.22545996,0.2901760446,-1.62420706,-0.2471467815
994.2,-5.542921195,0.7063266035,-32.78517592,-7.300797943,-2.914845275,,78.19680343,0.2018940214,-1.625110675,-0.3286595841
994.3,-5.572866998,0.6952243842,-32.54547724,-7.290646624,-3.077997034,,78.16107852,0.01641781157,-1.640291171,-0.3915427852
994.4,-5.58319781,0.6803872172,-32.27906905,-7.291574777,-3.242983592,,78.11935927,-0.02254844324,-1.662624417,-0.4467856609
994.5,-5.519572611,0.6646312152,-31.97707853,-7.313040785,-3.41080594,,78.07387048,-0.4158056159,-1.695826509,-0.4649582698
994.6,-5.53278432,0.6495767707,-31.33632391,-7.370833325,-3.581760075,,78.02703294,-0.714049086,-1.723985787,-0.4750052196
994.7,-5.565153013,0.6345387856,-30.70137825,-7.443533602,-3.755138939,,77.97885756,-0.7062158193,-1.744938105,-0.4911816719
994.8,-5.560774244,0.6209744092,-30.34628181,-7.508952862,-3.930573625,,77.92922957,-0.5884601711,-1.765780304,-0.5020363783
994.9,-5.541963786,0.6111720141,-30.22068305,-7.562603534,-4.108137286,,77.87899033,-0.4840836159,-1.78716265,-0.5022505605
995,-5.522941018,0.60625449,-30.21309725,-7.608078633,-4.287728054,,77.8291863,-0.4303581175,-1.805273161,-0.4931267341
995.1,-5.509340966,0.6063794251,-30.23658886,-7.65028934,-4.468809872,,77.78055297,-0.4192307766,-1.81569604,-0.4793278669
995.2,-5.596358137,1.079383306,-30.12168204,-7.687861812,-4.634863568,,77.73211148,-0.2102419204,-0.9208413295,-0.5335680073
995.3,-5.510769926,0.8512506866,-30.59601849,-7.695378487,-4.616199403,,77.6694914,0.01735668727,1.183554728,-0.7349418074
995.392,-5.467796497,0.6780239665,-30.97333378,-7.69369522,-4.486678441,,77.60271977,5.282127831e-05,1.881561598,-0.8780006105
995.5,-5.436407315,0.6132323606,-31.24501431,-7.700373066,-4.249615799,,77.49182549,-0.1324906364,2.199767249,-1.028331349
995.6,-5.416486052,0.5919353353,-31.27992955,-7.718954845,-3.989242559,,77.38256807,-0.2451881626,3.042666411,-1.168483904
995.7,-5.524329058,0.4500317152,-31.20579277,-7.732379641,-3.670436475,,77.26001355,0.1135175008,3.311227375,-1.290894197
995.8,-5.425119394,0.3434844919,-31.85039721,-7.693412256,-3.336250879,,77.12726405,0.6236016105,3.363424609,-1.353807638
995.9,-5.358635075,0.2141305693,-32.59301378,-7.6220423,-3.002028311,,76.99248868,0.8196244325,3.279698031,-1.329748817
996,-5.353585056,0.137132444,-33.24404869,-7.52942997,-2.676573343,,76.86272744,1.056388091,3.203592968,-1.251340847
996.1,-5.369703439,-0.1203565894,-33.99772532,-7.403438962,-2.368662573,,76.74322455,1.546970944,2.725663363,-1.111844329
996.2,-5.238122467,-0.08577935265,-35.15711298,-7.225339964,-2.14358494,,76.64251538,1.943756405,1.81348015,-0.8741440398
996.3,-5.165632035,-0.0836825921,-36.17335092,-7.023478683,-1.995226559,,76.56789017,2.039771205,1.174611716,-0.5932895108
996.4,-5.222900293,-0.05496968072,-36.78201156,-6.8223477,-1.897595896,,76.52166261,2.071577794,0.8013294312,-0.3169370402
996.5,-5.22508255,-0.02166182455,-37.49916583,-6.596455885,-1.830134354,,76.50129256,2.475603014,0.566812912,-0.07761268853
996.6,-5.14399552,0.1511653226,-38.34825657,-6.344015889,-1.774756105,,76.50324935,2.515373938,0.6829143097,0.1179731644
996.7,-5.065645011,0.3593318934,-38.8879642,-6.100501863,-1.659285797,,76.51920412,2.26322352,1.853492401,0.1806960205
996.8,-5.08630378,0.3694676159,-38.76802151,-5.902375594,-1.403113943,,76.53512974,1.698404762,3.364216846,0.1099303838
996.9,-5.108083254,0.2420925608,-38.27025968,-5.748927656,-1.024985791,,76.54062981,1.333768601,4.169673992,-0.0154603983
997,-5.162822627,0.168275416,-37.59813126,-5.622946962,-0.5917146348,,76.53328488,1.222909501,4.463279196,-0.1411509257
997.1,-5.166846973,0.1213145301,-37.13305122,-5.498118885,-0.1411924792,,76.51442528,1.292558747,4.529278785,-0.2406550249
997.2,-5.141287227,0.07362806181,-36.90102474,-5.36420069,0.3106064052,,76.48729605,1.389457879,4.491321772,-0.3024218105
997.3,-5.104219099,0.02076796903,-36.81316679,-5.222086263,0.7556937021,,76.45586489,1.44838611,4.395265072,-0.3231626273
997.4,-5.065812448,-0.03541086044,-36.77728468,-5.076261835,1.189463035,,76.42423599,1.461280685,4.265394438,-0.3032129905
997.5,-4.973580398,-0.09197497055,-36.80302794,-4.931347791,1.60935585,,76.39637422,1.371201316,4.118518584,-0.2466420855
997.6,-4.872966292,-0.181429405,-36.50243096,-4.824506472,2.005489595,,76.37540631,0.7027051963,3.754584053,-0.1605303585
997.7,-4.953244365,-0.2306028257,-35.56216063,-4.778040517,2.360504064,,76.3652144,0.2196121738,3.312900979,-0.02535059048
997.8,-4.961308944,-0.2203152841,-34.60011903,-4.770450194,2.680060694,,76.37012828,-0.1455001795,3.092862121,0.1344353956
997.9,-5.01418281,-0.2230481243,-33.5633064,-4.795188234,2.984753561,,76.3911425,-0.356617927,3.00778604,0.297742703
998,-5.06630259,-0.2229240545,-32.69872962,-4.830178944,3.284094696,,76.42861506,-0.2997587701,2.983923246,0.4649367904
998.1,-5.060888832,-0.2165699443,-32.23836223,-4.85235932,3.582622556,,76.48263116,-0.1285695395,2.990963295,0.6252480842
998.2,-5.031750262,-0.391673836,-32.10051404,-4.858552274,3.875825329,,76.55218046,0.00197722692,2.640719316,0.7855476263
998.3,-5.023795424,-0.4462171329,-32.15007876,-4.845957648,4.082716392,,76.64109351,0.2480062901,1.363005196,1.016635144
998.4,-4.957273745,-0.3213534642,-32.38689544,-4.817669228,4.142477544,,76.75507065,0.2923961883,-0.1132013641,1.278429888
998.5,-4.946995587,-0.186941855,-32.59299576,-4.781675596,4.089671512,,76.89422977,0.4184225761,-0.9436053313,1.516025582
998.6,-4.974955043,-0.1294821961,-32.84298033,-4.736041299,3.97197434,,77.05469188,0.5385375469,-1.54355379,1.707805127
998.7,-4.993869754,0.007466100778,-33.16477018,-4.675578678,3.788599879,,77.23292471,0.7098118005,-2.166572605,1.862938751
998.8,-4.96728183,0.2154004623,-33.57014374,-4.601220048,3.563467738,,77.42313271,0.747360841,-2.268087387,1.928253806
998.9,-4.973308384,0.340540866,-33.81544412,-4.529577215,3.33763073,,77.61560076,0.6691694379,-2.210705987,1.903907939
999,-4.996557779,0.3410883575,-33.89854742,-4.46679338,3.110399463,,77.80267684,0.5811883478,-2.419556398,1.82476281
999.1,-5.024315965,0.3540153139,-33.86597788,-4.41138808,2.824830036,,77.98187601,0.5281840239,-3.429820355,1.75533466
999.2,-5.047587227,0.5315498175,-33.77206665,-4.359290372,2.453986281,,78.15315872,0.5162605643,-4.01953983,1.657545379
999.3,-5.064370434,0.6966516842,-33.68042792,-4.307150041,2.037691182,,78.31305145,0.5277604533,-4.248241739,1.519402262
999.4,-5.075702607,0.6714328041,-33.62352054,-4.253509178,1.606900355,,78.45724513,0.544373734,-4.529638814,1.352769922
999.5,-5.081158895,0.8432468739,-33.55461772,-4.198275272,1.140363705,,78.58453335,0.5586976084,-4.742876595,1.171213506
999.6,-5.082223276,0.9260550971,-33.50286949,-4.141968302,0.6673360058,,78.69220751,0.5644383194,-4.694834481,0.9601917854
999.7,-5.079616961,0.9712223932,-33.45626564,-4.085576427,0.2024199094,,78.77794078,0.5597544241,-4.594072135,0.7333160703
999.8,-5.072877916,0.9946648737,-33.40667139,-4.03009769,-0.2527052958,,78.84074301,0.5458975017,-4.505480931,0.5032730987
999.9,-4.929330499,1.001943399,-33.44362429,-3.984537623,-0.7003976061,,78.88091553,0.1786791197,-4.450258088,0.2849835951
1000,-4.847026127,0.9982655326,-32.89540618,-4.002464702,-1.143993709,,78.90028613,-0.679223439,-4.423281424,0.09034470875
1000.1,-4.968142942,0.9837205014,-31.57036703,-4.102235608,-1.585624086,,78.90130675,-1.281870434,-4.410531415,-0.08312216371
1000.2,-5.043717989,1.017402294,-30.20616923,-4.24894761,-2.015981266,,78.88551981,-1.586160302,-4.1226591,-0.2509915146
1000.3,-5.056138651,0.9370949205,-29.12830047,-4.412478269,-2.42034257,,78.85357142,-1.640735279,-3.989506557,-0.3975794923
1000.4,-5.214365155,0.9159885415,-28.216989,-4.567388156,-2.818540127,,78.80820038,-1.260151595,-3.950252514,-0.5258713637
1000.5,-5.235936173,0.8565634472,-28.51534397,-4.624129439,-3.205091711,,78.74793466,0.2392361977,-3.806116586,-0.6879800933
1000.6,-5.17236579,1.033803172,-30.00849098,-4.538820426,-3.557200536,,78.67176306,1.545727116,-3.03333473,-0.8560352806
1000.7,-4.931239688,0.926675358,-32.16995488,-4.357722285,-3.813415149,,78.57947192,1.975553115,-2.06628904,-0.9928583539
1000.8,-4.948251041,1.019251335,-33.76425024,-4.151562336,-3.979138337,,78.47458709,2.21916609,-1.017834817,-1.128196648
1000.9,-4.819237871,1.092036252,-35.42716201,-3.907258617,-4.023276184,,78.35367387,2.575683167,0.3902805906,-1.309178982
1001,-4.62233059,0.9715531732,-36.80243773,-3.659856901,-3.865342931,,78.21084467,2.229470054,2.767542069,-1.568236529
1001.1,-4.500668919,0.7489531101,-37.14889338,-3.487641032,-3.482538868,,78.0413728,1.110225751,4.820222919,-1.844422025
1001.2,-4.578967762,0.4238350935,-36.40138114,-3.410043456,-2.960735002,,77.84575073,0.4890625399,5.527147922,-2.077176819
1001.3,-4.597282033,0.1641923114,-35.54433527,-3.370166474,-2.40559759,,77.63137969,0.3522005792,5.495286799,-2.199924362
1001.4,-4.560415829,-0.03486784079,-34.91271908,-3.331600925,-1.869665572,,77.4109943,0.4437222417,5.17015679,-2.18489667
1001.5,-4.46094777,-0.3019918904,-34.62033183,-3.281229306,-1.372600724,,77.1983856,0.5182183443,4.62211983,-2.02809669
1001.6,-4.470426608,-0.5382996699,-34.28124381,-3.243771017,-0.9727494203,,77.01035648,0.17954794,3.22526036,-1.678785547
1001.7,-4.561805985,-0.506582903,-33.65628659,-3.233156017,-0.7026293806,,76.86255634,0.06693068419,2.220277342,-1.233470557
1001.8,-4.596352626,-0.5033599873,-33.20434805,-3.224268701,-0.5043147857,,76.76085605,0.1291325058,1.765950001,-0.7604041449
1001.9,-4.592340399,-0.4979711808,-32.95962035,-3.206939243,-0.3384008599,,76.70647747,0.2213655822,1.566044187,-0.2929422386
1002,-4.424974874,-0.5184805783,-32.85462969,-3.203224301,-0.1987197572,,76.69838521,-0.2817733707,1.206243216,0.1627536121
1002.1,-4.321326468,-0.4418242658,-32.22156545,-3.260608359,-0.0858155135,,76.73350504,-1.047373087,1.054404522,0.5616581464
1002.2,-4.457781721,-0.3270998242,-30.82795964,-3.39697441,0.02144846795,,76.80498058,-1.596319881,1.133807845,0.878112961
1002.3,-4.505655411,-0.22047819,-29.67674742,-3.55867393,0.1445353642,,76.9037139,-1.578067822,1.362518966,1.097930903
1002.4,-4.479049323,-0.1164153929,-28.99579585,-3.707133221,0.2937187381,,77.02002124,-1.36429442,1.650576723,1.222501165
1002.51,-4.432012255,-0.1441314706,-28.7224703,-3.833904042,0.4711095418,,77.1447085,-1.166856457,1.782464769,1.266535529
1002.57,-4.438368344,-0.03146310942,-28.66270545,-3.917719304,0.6003891243,,77.23998414,-1.064171525,1.664092742,1.267768281
1002.67,-4.443962351,0.08531713684,-28.68826642,-4.020179238,0.7556711781,,77.36543377,-0.9911911373,1.48246218,1.226802632
1002.77,-4.451908019,-0.02206784338,-28.76703452,-4.118226298,0.8980935246,,77.48437958,-0.9766141465,1.115381449,1.149622244
1002.87,-4.497406646,0.1949562579,-28.77292461,-4.212867105,0.9778079282,,77.59617104,-0.8621491864,0.5585449883,1.072336006
1002.97,-4.480357063,-0.04274899973,-28.98791311,-4.294333662,1.003428339,,77.69973023,-0.7827297431,-0.4353393316,1.0086083
1003.07,-4.449977701,0.1668732611,-29.07768134,-4.380928841,0.8841105351,,77.80041227,-0.9683938451,-1.907029822,1.002355354
1003.17,-4.480007559,0.3366381242,-28.94737507,-4.483124706,0.6516646139,,77.90020808,-1.068982739,-2.700531103,0.9873257278
1003.27,-4.502113787,0.4595715865,-28.79873997,-4.59148471,0.3675413063,,77.99712047,-1.09221955,-2.968359092,0.9409631146
1003.37,-4.515700624,0.5553447915,-28.68591721,-4.700171246,0.06874146566,,78.08788142,-1.078545291,-2.977623247,0.8601131001
1003.47,-4.523044509,0.6152537118,-28.62781048,-4.806982513,-0.2249661411,,78.16903192,-1.057603998,-2.880611724,0.7473156658
1003.57,-4.819760122,0.7387161349,-28.49120504,-4.87837029,-0.5221547155,,78.23835266,-0.07640734821,-2.920788835,0.6170049177
1003.67,-5.242164457,1.703260905,-29.07910709,-4.816869088,-0.6956293048,,78.28650849,1.996843716,0.5655034815,0.2441176972
1003.77,-4.803329156,0.9990752008,-32.68718098,-4.501825119,-0.4813781154,,78.28766324,4.18926618,3.441498386,-0.2522803464
1003.87,-4.602672391,0.6212064309,-36.39605713,-4.024363221,-0.09145105132,,78.24265307,5.441567995,4.146082485,-0.6691376706
1003.97,-4.598191153,0.4659855599,-39.6370569,-3.447632466,0.3189375349,,78.16050538,6.298736693,3.997474567,-0.9909254864
1004.07,-4.102959743,0.3094160313,-43.38467281,-2.767797109,0.7022902352,,78.05056121,7.062319198,3.608328749,-1.217299879
1004.17,-3.774568958,0.05980633363,-46.06649038,-2.07964366,1.039180746,,77.92174723,6.532051624,2.976890874,-1.352093034
1004.27,-3.48213325,-0.1913237175,-47.42409383,-1.471613798,1.27499803,,77.78811757,5.362580005,1.548665298,-1.284477725
1004.37,-3.323700747,-0.1757465574,-47.21059185,-1.005944364,1.37766532,,77.66750896,3.66073103,0.5366982952,-1.108349541
1004.47,-3.182516468,-0.249291085,-45.49111572,-0.7562845874,1.404074213,,77.56592076,0.9294384895,-0.03087191878,-0.9010393241
1004.57,-3.632708067,-0.3897637653,-41.57741253,-0.7722879437,1.374401787,,77.48861877,-1.153795815,-0.6742517953,-0.5962815806
1004.67,-4.004874477,-0.523092951,-37.45373361,-0.940582875,1.262095818,,77.44842749,-2.043990641,-1.719129341,-0.1496525888
1004.77,-4.345180707,-0.3918582437,-34.14065423,-1.131567224,1.044844637,,77.45729231,-1.503489157,-2.600492169,0.3691191563
1004.87,-4.457692056,-0.2528022266,-32.72149195,-1.205686334,0.7633097818,,77.51739443,0.2515510379,-2.966563908,0.8608064222
1004.97,-4.339298857,-0.156390491,-33.22839335,-1.104121396,0.4659833432,,77.62271046,1.871760333,-2.96877473,1.263877755
1005.07,-4.117690144,-0.1079973229,-34.76153591,-0.8693500595,0.1680274426,,77.76432636,2.795634031,-3.079017438,1.586632865
1005.17,-3.919023917,0.08376122679,-36.43629593,-0.5711286566,-0.1437703738,,77.93473747,3.054282372,-3.121574806,1.824689322
1005.27,-3.847551915,0.290864529,-37.54329767,-0.2759516062,-0.4491858529,,78.12403964,2.777266658,-2.927634586,1.951960038
1005.37,-3.656747977,0.4694512339,-38.2084934,-0.02430183183,-0.7259501927,,78.32055148,1.97117696,-2.562671351,1.961700245
1005.47,-3.744001785,0.6316116658,-37.4343186,0.09721276453,-0.9629392076,,78.51316688,0.4245058383,-2.134384836,1.859906012
1005.57,-3.95539978,0.7350213466,-35.86060523,0.104885601,-1.156256979,,78.68962185,-0.2200677056,-1.73023705,1.633072627
1005.67,-4.054772319,0.6700198738,-34.44989361,0.06824985689,-1.320927179,,78.83982893,-0.540698769,-1.757591312,1.350814715
1005.77,-4.173338101,0.761428541,-33.18276197,0.01358191306,-1.537113937,,78.96371677,-0.4855094153,-2.605328275,1.104671531
1005.87,-4.205034152,0.8816309944,-32.4154361,-0.02312874537,-1.819179559,,79.06190867,-0.2164231076,-3.076456165,0.8360808026
1005.97,-4.190894943,0.9295914991,-32.07784645,-0.03245442461,-2.148079883,,79.13354572,0.03642606544,-3.531274799,0.5765959444
1006.07,-4.160328708,0.9657261183,-31.98512488,-0.0209039962,-2.523407136,,79.18030741,0.1876893878,-4.041412632,0.3457653988
1006.17,-4.129751313,1.004358451,-31.97924599,0.0009816800532,-2.956783343,,79.20618621,0.2390131239,-4.632248019,0.1602677174
1006.27,-4.140203295,0.8894061272,-31.96652804,0.02770164344,-3.445051929,,79.21487397,0.3393305418,-5.39096524,0.01912893937
1006.37,-4.095947887,1.069908303,-32.04392269,0.06528791811,-4.017591407,,79.21248338,0.3951810036,-5.993298124,-0.07515379146
1006.47,-4.065910398,1.150758115,-32.09376995,0.1035931844,-4.626153736,,79.20068405,0.356323441,-6.149797995,-0.169886795
1006.57,-4.047370413,1.197193992,-32.07640802,0.1358171057,-5.241776821,,79.17919624,0.2778798418,-6.147698415,-0.2702730334
1006.67,-4.035462603,1.230893886,-31.99812882,0.1597559085,-5.854099342,,79.14725241,0.1941406254,-6.088613414,-0.3803742975
1006.77,-3.882251365,1.3045183,-31.97323704,0.164356712,-6.457183039,,79.10485042,-0.2569886932,-5.90373622,-0.4689285748
1006.87,-3.950497161,1.390724522,-31.28418523,0.1050184682,-7.030775219,,79.05404722,-0.908129783,-5.480146554,-0.5753240325
1006.97,-4.039710778,1.432989496,-30.38736795,-0.005437382076,-7.547246617,,78.98815185,-1.230594426,-4.78027828,-0.78249551
1007.07,-4.174154992,1.437495767,-29.72572703,-0.1083177618,-7.982893252,,78.89345554,-0.6941202463,-3.877131966,-1.162203671
1007.17,-4.011237318,1.537698112,-29.97835803,-0.1544613294,-8.32410038,,78.75871263,-0.3079171114,-2.787964408,-1.557976118
1007.27,-3.911359778,1.365911521,-30.25696389,-0.1940009151,-8.531699032,,78.58625458,-0.5262980034,-1.445135934,-1.910913274
1007.37,-3.877009217,1.239573525,-30.28894617,-0.2578373684,-8.642512486,,78.38087064,-0.7657733415,-0.7772608517,-2.216360467
1007.47,-3.918240758,1.146070616,-30.1285092,-0.3404098233,-8.69497858,,78.14606875,-0.8014968028,-0.2382547995,-2.51169213
1007.57,-3.842985873,1.318675099,-30.22987432,-0.4092468064,-8.635803441,,77.8765392,-0.5960246652,1.716054249,-2.923617385
1007.67,-3.702779451,1.047616744,-30.53132516,-0.4713596279,-8.39395043,,77.56746069,-0.7295335452,3.125231218,-3.268060494
1007.77,-3.591155326,0.8109563745,-30.52908991,-0.5696599234,-8.019319782,,77.22847568,-1.271494359,4.349420848,-3.524278774
1007.87,-3.679661978,0.5550925161,-30.05604235,-0.7064770409,-7.55506359,,76.86578124,-1.311838492,4.919573208,-3.752546782
1007.97,-3.704855192,0.4370551582,-29.9709126,-0.8039187629,-7.032651554,,76.47863594,-0.4845501764,5.679082839,-4.015456529
1008.07,-3.479084678,0.157580087,-30.67837716,-0.8252274074,-6.448873706,,76.0709094,-0.0003260536846,5.988694883,-4.11956853
1008.18,-3.328952013,-0.100236287,-31.35722922,-0.8199564025,-5.789389394,,75.62576463,0.04091558226,6.19477466,-4.074651155
1008.28,-3.545844601,-0.2379346563,-31.51528357,-0.8134708822,-5.158726781,,75.22306986,0.2912393797,6.48008987,-3.980362439
1008.38,-3.512557539,-0.5039559821,-32.24481305,-0.7451137411,-4.486096212,,74.82859885,1.048061681,6.90597174,-3.87785089
1008.48,-3.44980577,-0.786234969,-33.13604042,-0.6264492175,-3.801533397,,74.45159406,1.269398912,6.699768036,-3.620839779
1008.58,-3.372676125,-0.9859103576,-33.77898076,-0.5084447848,-3.151285209,,74.10616952,1.00065525,6.251563325,-3.241452663
1008.68,-3.404391479,-1.133931952,-33.85493369,-0.4287132515,-2.548219823,,73.80263613,0.5402205138,5.775476124,-2.781500642
1008.78,-3.485508155,-1.241554696,-33.53728887,-0.3896144014,-1.990375581,,73.54756634,0.2562708781,5.360843099,-2.27180539
1008.88,-3.537348093,-1.313667079,-33.15264014,-0.3689678634,-1.46986906,,73.34516517,0.1718103973,5.038980247,-1.727677287
1008.98,-3.477096935,-1.285031351,-32.91630253,-0.3522647779,-0.9745019946,,73.19782599,0.08939568384,4.950518018,-1.179822715
1009.08,-3.484404604,-1.387520084,-32.53355524,-0.3550080282,-0.4756156235,,73.10390886,-0.1683272199,4.962650973,-0.6547957644
1009.18,-3.502367155,-1.520692444,-32.03282071,-0.3882585734,-0.01995399962,,73.06558629,-0.4874438124,4.04093665,-0.05528302408
1009.28,-3.521313423,-1.342500247,-31.48332289,-0.4426668965,0.357951164,,73.08680581,-0.5816031221,3.585684809,0.5146191708
1009.38,-3.607613725,-1.321933883,-31.0216097,-0.4931147062,0.7008146027,,73.16266688,-0.3281579552,3.201393981,1.042267804
1009.48,-3.649293549,-1.290644518,-31.03861755,-0.490928301,0.9839035759,,73.29139586,0.4951112362,2.373252743,1.573161049
1009.58,-3.52436735,-1.113627758,-31.84805206,-0.3915112503,1.174708459,,73.47271958,1.506451187,1.486776768,2.076391111
1009.68,-3.351670663,-0.8748251106,-33.00805135,-0.2157500709,1.305377039,,73.69857526,2.031657739,1.204514928,2.444036954
1009.78,-3.125954793,-0.7208138743,-34.18063744,-0.007637082422,1.429686119,,73.95356482,2.043583506,1.263378144,2.650015081
1009.88,-2.98264401,-0.6407356735,-34.91281789,0.1829061965,1.547388671,,74.2243638,1.708899543,0.9859697806,2.766538546
1009.98,-2.766027127,-0.4414470647,-35.30864394,0.3308589277,1.633776002,,74.50327536,1.068542138,0.7448282696,2.794183949
1010.08,-2.593792939,-0.2821895945,-35.05107733,0.3874849862,1.692528196,,74.78122664,-0.2026648498,0.3900889249,2.747457149
1010.18,-2.557323815,-0.1743226841,-33.74349399,0.2806398906,1.705669168,,75.05218819,-2.074079542,-0.1666165018,2.65751188
1010.28,-2.809908333,-0.1057792939,-31.55201983,0.01197426093,1.662202073,,75.31342607,-3.301691381,-0.8583876968,2.565988097
1010.38,-3.126230814,-0.1927067602,-29.24822577,-0.3411744634,1.528759667,,75.56761982,-3.631088797,-2.161400561,2.536526284
1010.48,-3.389552709,0.1176916539,-27.48888754,-0.6844644642,1.221440467,,75.82432316,-3.016585627,-3.925541687,2.592421787
1010.58,-3.507239239,0.4068943799,-26.89371025,-0.9189504386,0.7833176055,,76.0842709,-1.532971403,-4.756119143,2.588063763
1010.68,-3.400255293,0.5232573672,-27.48228696,-1.01954787,0.2880180882,,76.33990525,-0.4838573071,-5.237818917,2.512876519
1010.78,-3.299849741,0.7325423486,-28.40800387,-1.037624426,-0.2632078003,,76.58714325,0.1065369714,-5.744590152,2.414190037
1010.88,-3.240468229,0.9494116348,-29.28773529,-1.017280762,-0.8399266021,,76.82167927,0.2786745005,-5.72788147,2.251106407
1010.98,-3.319597156,1.335923586,-29.93934223,-0.9706003955,-1.378639194,,77.03447703,0.7508456974,-4.729623183,1.942692343
1011.08,-3.197976653,1.420504031,-30.93971956,-0.8816352533,-1.786902244,,77.20907684,0.9600096192,-3.325898254,1.496015704
1011.18,-3.295479316,1.490599335,-31.51528668,-0.7863306153,-2.063658595,,77.33541973,1.082641629,-2.08379784,0.9654584487
1011.28,-3.672019806,1.761977333,-32.07890149,-0.6072327725,-2.200037825,,77.40077067,2.983822441,-0.2681959702,0.2320599892
1011.38,-3.551332473,1.90551328,-34.54856613,-0.1636525506,-2.06607439,,77.37591206,6.079301483,3.196806002,-0.8489680687
1011.48,-2.865332186,1.513758213,-38.62473542,0.5287232022,-1.616725282,,77.23950167,7.602074756,5.698987085,-1.962815883
1011.58,-2.308137957,1.092834134,-42.08362861,1.292424806,-1.005428184,,76.99869483,7.483778324,6.395811284,-2.917766951
1011.68,-1.998812181,0.8518703787,-44.23866517,2.01713076,-0.3544151028,,76.66637803,6.923227592,6.639818097,-3.805448599
1011.78,-1.446385205,0.4386432854,-45.63196001,2.654459534,0.3086670488,,76.24852762,5.386121649,6.513169514,-4.599277262
1011.88,-1.187118031,-0.1448866758,-45.01324351,3.041884794,0.9202075208,,75.76088667,2.013616919,5.424989309,-5.140022397
1011.98,-1.601259027,-0.5640211985,-42.06018958,3.109458746,1.371283716,,75.23935427,-0.7206697246,3.410397171,-5.227082244
1012.08,-2.079431341,-0.7816040556,-38.57889003,2.96328089,1.635435951,,74.72665306,-2.232052355,1.838854491,-4.954619679
1012.18,-2.578397657,-0.9891251164,-35.02994733,2.695323931,1.76647295,,74.25431309,-3.035220475,0.7504470535,-4.403214604
1012.28,-2.925079575,-1.149149882,-32.15550663,2.385988463,1.811080379,,73.84722444,-3.009284861,0.1204387331,-3.644294373
1012.38,-3.088983018,-1.258411799,-30.22843223,2.105703468,1.806846274,,73.5229143,-2.504954628,-0.1986942968,-2.752523617
1012.48,-3.111584473,-1.299189381,-29.19025279,1.882768256,1.778385769,,73.29119114,-1.947859839,-0.2920191774,-1.806538445
1012.58,-3.100808906,-1.279159187,-28.69292147,1.708727211,1.765099374,,73.15216825,-1.519007758,0.1387767607,-0.9150222926
1012.68,-3.05485785,-1.206155335,-28.53444023,1.570836164,1.83354497,,73.09552351,-1.244676909,1.333680585,-0.1803716109
1012.78,-3.002456863,-1.209918862,-28.52509603,1.452932541,2.02186458,,73.10586971,-1.127731701,2.488297443,0.4154040116
1012.88,-2.953737351,-1.221189791,-28.54098398,1.340960237,2.318664475,,73.16967613,-1.127460379,3.461402855,0.8815122596
1012.99,-2.88942879,-1.223841179,-28.51105663,1.20870769,2.732205475,,73.28529977,-1.335978038,4.162556189,1.26503217
1013.09,-2.868778216,-1.184922043,-28.35425126,1.067493015,3.168050874,,73.42475118,-1.493314001,4.56631597,1.533279773
1013.19,-2.845016805,-1.132263484,-28.17491093,0.9126072401,3.635991927,,73.58781646,-1.607335966,4.808294792,1.733079091
1013.29,-2.817279458,-1.053631366,-28.00108271,0.747847115,4.128208512,,73.76751143,-1.69016389,5.058784072,1.85996065
1013.39,-3.089217672,-1.234535118,-27.58014321,0.5868065097,4.619189687,,73.96019677,-1.179319611,4.483947729,2.052458697
1013.49,-3.052405471,-1.231806662,-28.18236325,0.5402842253,5.019968032,,74.18075304,0.3586908373,3.35999856,2.397534403
1013.59,-2.754842993,-1.032928894,-29.675112,0.6293286531,5.303887041,,74.43606374,1.33155465,2.326621161,2.710076501
1013.69,-2.494786199,-0.9846870988,-31.15172518,0.7720795297,5.499929579,,74.71679607,1.419565793,1.466254962,2.912257953
1013.79,-2.363004792,-0.8546740732,-32.13845776,0.9017671315,5.604028031,,75.01583927,1.144676163,0.5474386397,3.080124442
1013.89,-2.187585512,-0.9414106814,-32.83740584,0.9948987719,5.609730179,,75.33179872,0.5745581633,-0.7340399381,3.272426001
1013.99,-2.100035427,-0.6959174724,-32.92075563,1.016424601,5.470244422,,75.67011621,-0.2506680275,-2.089648426,3.508444895
1014.09,-1.98278942,-0.5725780327,-32.54971841,0.9405492919,5.201467828,,76.03200436,-1.405541504,-3.410881964,3.753043559
1014.19,-2.063911875,-0.3422094977,-31.41129283,0.7434667762,4.777858315,,76.42265719,-2.507681707,-5.053220947,4.090223186
1014.29,-2.261280407,0.02012718006,-30.06592845,0.4717634527,4.239378198,,76.84523145,-2.850302242,-5.63006404,4.363571496
1014.39,-2.461518355,0.289340175,-28.98889314,0.1939519581,3.665419107,,77.29074994,-2.594140173,-5.779019421,4.537392601
1014.49,-2.655879782,0.4149033556,-28.37750959,-0.02941648121,3.084057497,,77.74903435,-1.685752006,-5.954490999,4.630908204
1014.59,-2.833136603,0.5798268587,-28.48335834,-0.1251899454,2.467828437,,78.21572273,0.02894948664,-6.470136543,4.708059405
1014.69,-2.965179666,1.433742498,-29.30974143,-0.04956026368,1.82781269,,78.68437835,1.833050218,-5.628429846,4.577374329
1014.79,-3.04414295,1.446368271,-31.14074272,0.2452620706,1.386599355,,79.12041299,4.461794427,-3.189247534,4.087550535
1014.89,-2.651058382,1.417945321,-34.39741979,0.8078868966,1.135430838,,79.5043722,6.815205138,-1.884110042,3.544600774
1014.99,-1.989210666,1.334548403,-38.10463635,1.54086184,0.9660282602,,79.83560823,7.579371087,-1.699910723,3.066182076
1015.09,-1.353211863,1.320615387,-40.9393047,2.255783079,0.7705003465,,80.1258711,6.272710888,-2.388485966,2.743118198
1015.19,-1.358881471,1.50170246,-41.63812988,2.793980284,0.4971286994,,80.38945117,4.390764446,-3.099521209,2.519614638
1015.29,-1.252074277,1.519491856,-41.47003714,3.158944537,0.1554902766,,80.63379894,2.644352322,-3.876083369,2.378868004
1015.39,-1.516962428,1.521637673,-39.95929024,3.324020132,-0.2919478848,,80.87189424,0.633557563,-5.26875224,2.41453795
1015.49,-1.985060188,1.75669894,-37.69945087,3.340822813,-0.869839067,,81.11570188,-0.1271190856,-6.289415133,2.450984357
1015.59,-2.459201148,1.901173897,-35.78103532,3.362748976,-1.533893217,,81.35913423,0.9650571238,-7.047888326,2.400455709
1015.69,-2.412162381,2.121842172,-35.36762553,3.528862556,-2.255675143,,81.59275569,2.394760279,-7.317426427,2.242684967
1015.79,-2.27591066,2.29215646,-35.65904422,3.813135292,-2.983487611,,81.80659555,3.268775979,-7.188747687,2.008033161
1015.89,-2.147839084,2.428018364,-36.16928511,4.161172184,-3.689999199,,81.9949866,3.652012009,-6.904182946,1.735250682
1015.99,-1.77370314,2.541793734,-36.91354495,4.521489713,-4.365248863,,82.15565434,3.203984741,-6.57066085,1.475963105
1016.09,-1.548693143,2.696086037,-36.72967979,4.737089114,-5.001598088,,82.29569015,0.8304723265,-6.062101216,1.300048392
1016.19,-1.879532212,2.737965694,-35.03222325,4.731926707,-5.582060374,,82.41215981,-0.9269380124,-5.517363818,0.9711055974
1016.29,-2.019451926,2.809575093,-33.24663993,4.587246853,-6.10836586,,82.4874016,-2.058351728,-4.924175183,0.46769238
1016.39,-2.224380901,2.793774346,-31.27368313,4.326635516,-6.565583224,,82.50655776,-3.181361125,-4.169483826,-0.163108098
1016.49,-2.383489374,2.730928414,-29.40126066,3.980648922,-6.957175122,,82.45662552,-3.735565898,-3.634904591,-0.9133188316
1016.59,-2.540253576,2.58238181,-27.76961881,3.593583019,-7.302982298,,82.32905753,-3.928681636,-3.326281753,-1.711940465
1016.7,-2.661695168,2.352172342,-26.51004754,3.178736446,-7.66717029,,82.10111357,-3.630733275,-3.535881134,-2.547506082
1016.8,-2.647335702,2.230469842,-25.93395716,2.837655559,-8.041970409,,81.81489691,-3.158525088,-4.000873873,-3.214165744
1016.9,-2.588824214,2.087960938,-25.75332858,2.539894189,-8.463935253,,81.46836361,-2.787721393,-4.485448093,-3.736394105
1017,-2.513715108,1.938724112,-25.79867224,2.272391986,-8.935691498,,81.07707855,-2.566942456,-4.997794973,-4.094045909
1017.1,-2.584140066,2.20695949,-25.73835227,2.02493378,-9.440221153,,80.65484971,-2.229013166,-4.603860271,-4.432251615
1017.2,-2.402920076,2.036058586,-26.28731075,1.824932124,-9.821880087,,80.1897758,-1.814701324,-2.920433228,-4.897455222
1017.3,-2.274597546,2.122163514,-26.8401177,1.646700278,-10.03216768,,79.68033388,-1.777503633,-0.7947029988,-5.368168315
1017.4,-2.180431436,1.88248297,-27.3910411,1.469539855,-9.995712327,,79.1169556,-1.780755588,1.739762874,-5.964243935
1017.5,-2.173819644,1.576239873,-27.8291876,1.294978648,-9.723336766,,78.49122133,-1.618059371,3.889931491,-6.63245933
1017.6,-1.989613182,1.206398128,-28.53084099,1.145465111,-9.259039471,,77.7971679,-1.398555796,5.491412007,-7.297049412
1017.7,-1.790967184,0.7554302596,-29.19815764,1.007728786,-8.660019576,,77.04064922,-1.408036322,6.435586598,-7.852837082
1017.8,-1.632083701,0.3184392011,-29.63993242,0.8597019374,-7.997119267,,76.2355514,-1.590449197,6.733738623,-8.25348312
1017.9,-1.563298665,-0.03033504468,-29.77102562,0.6938169433,-7.326222097,,75.39731206,-1.678603171,6.652418927,-8.51984092
1018,-1.86288113,-0.2965537297,-29.68602077,0.5523119671,-6.663472569,,74.53384165,-0.8371170224,6.654606439,-8.784740163
1018.1,-2.046781155,-0.6993193696,-30.30013096,0.5538062279,-5.999745126,,73.64375198,1.142748293,6.537503662,-9.015164396
1018.2,-2.118155165,-1.34180679,-31.74694838,0.7712212446,-5.383192856,,72.74094401,3.487463728,5.386781071,-8.972556065
1018.3,-1.81057664,-1.87234887,-34.16374371,1.218094505,-4.969308526,,71.86661482,5.44119194,2.547439804,-8.384395499
1018.4,-1.367134952,-1.960282679,-36.77571263,1.81147953,-4.849416838,,71.07142723,6.275824213,-0.1803502792,-7.389632316
1018.5,-0.9671758355,-1.959278729,-38.93598725,2.434780424,-4.952236246,,70.38775729,6.013026027,-1.825280353,-6.153318991
1018.6,-0.3166795114,-1.761592691,-40.47535004,2.945325416,-5.127971749,,69.83102936,3.703237322,-1.46449891,-4.868917746
1018.7,-0.3014915271,-1.713678095,-39.88185884,3.141931671,-5.212909987,,69.40141811,-0.005579591345,-0.06468488731,-3.669768608
1018.8,-0.9818157439,-1.606181866,-37.32367478,3.015064453,-5.132789031,,69.07267121,-2.30874059,1.966504655,-2.966908799
1018.9,-1.674310164,-1.38801631,-34.55866481,2.7739472,-4.81858608,,68.77999755,-2.112466445,4.812048994,-3.046754084
1019,-1.824530448,-1.622925377,-33.09039917,2.618701691,-4.183669898,,68.44887499,-0.8562915004,7.978061641,-3.628868494
1019.1,-1.875620418,-2.04330126,-32.42330522,2.593061949,-3.301201985,,68.06404911,0.459677315,9.543706054,-4.070233728
1019.2,-2.133751842,-2.590554874,-32.23383533,2.730373758,-2.337549952,,67.64560352,2.683554502,9.319708112,-4.248698382
1019.3,-1.824371843,-2.842917943,-33.55183205,3.11192296,-1.49005426,,67.2299668,4.941659615,7.442979379,-4.001460433
1019.4,-1.404583137,-2.836881446,-35.38522997,3.660093214,-0.8137562843,,66.85136702,5.900857782,6.076894188,-3.482446421
1019.5,-0.8357841595,-3.230495146,-37.18547281,4.224110525,-0.2945488238,,66.54390242,5.034389225,3.905800444,-2.511553811
1019.61,-0.6470218356,-3.008411957,-37.81843325,4.659280692,0.002580046919,,66.34616563,3.465842021,2.120425749,-1.352804622
1019.67,-0.5684734317,-2.833986303,-37.76051614,4.871107656,0.1392605646,,66.27257309,1.972293915,1.575562765,-0.5346490117
1019.77,-0.699666374,-2.618604959,-36.80030067,4.970601501,0.2928580283,,66.26331916,-0.07684173491,1.635411355,0.3847941026
1019.87,-0.9803248592,-2.455351985,-35.14153184,4.879863831,0.491914215,,66.33235631,-1.698562348,2.437964196,0.9983160646
1019.97,-1.229788872,-2.330788523,-33.27770723,4.657366109,0.7835127973,,66.44785871,-2.688544394,3.441198272,1.289861475
1020.07,-1.483615307,-2.246450086,-31.4810184,4.372365002,1.168157138,,66.58060398,-2.916829645,4.296525431,1.357689933
1020.17,-1.648768819,-2.194306792,-30.08747521,4.091832138,1.627930289,,66.71923991,-2.609201889,4.917195162,1.425095139
1020.27,-1.706999855,-2.123167163,-29.18742314,3.853852396,2.142808815,,66.86503632,-2.094126284,5.417186945,1.494596577
1020.37,-1.697789428,-2.072224766,-28.70843619,3.668332171,2.703579788,,67.01699292,-1.586255683,5.812829683,1.545560207
1020.47,-1.655620568,-2.268768666,-28.55836237,3.528753269,3.28591661,,67.17468191,-1.198426445,5.560335056,1.64981107
1020.57,-1.589432887,-2.106462678,-28.57617071,3.420351047,3.803494984,,67.34897874,-0.9777971767,4.829344482,1.84323341
1020.67,-1.522573424,-1.971032872,-28.68099447,3.326942621,4.272341201,,67.53952992,-0.9047844177,4.582416575,1.965484317
1020.77,-1.548590106,-1.955036827,-28.71466305,3.238108753,4.724441155,,67.73978221,-0.7985112763,4.401726954,2.053306249
1020.87,-1.515857892,-1.932795763,-28.92950011,3.17898592,5.132714201,,67.95365707,-0.3526483851,3.730423614,2.240588297
1020.97,-1.386538479,-1.800760329,-29.34249145,3.154717275,5.489740972,,68.1836978,-0.1640131753,3.442978043,2.352657266
1021.07,-1.286552381,-1.852713614,-29.721046,3.137864268,5.828969038,,68.42082154,-0.2063709237,3.211731272,2.400869344
1021.17,-1.322090427,-2.001389134,-29.90598377,3.111520802,6.072525524,,68.67405671,-0.242573993,1.42129508,2.738036244
1021.27,-1.370996408,-1.810122464,-30.16165355,3.117463454,6.140840662,,68.9707765,0.490605563,-0.07705778797,3.249774633
1021.37,-1.144924089,-1.556790725,-30.91875718,3.191693975,6.096539773,,69.31720881,0.940923856,-0.7386733523,3.694922881
1021.47,-0.9581943949,-1.367708121,-31.61479838,3.289111881,6.014753939,,69.7026779,0.9511506035,-0.8411724928,4.022764345
1021.57,-0.9025834342,-1.2640499,-32.03860647,3.377082404,5.932884818,,70.11696934,0.8461156383,-0.8124161641,4.284734383
1021.67,-0.7611701576,-1.107191284,-32.4566827,3.459982438,5.854202664,,70.55600217,0.7721366546,-0.7249368306,4.496925285
1021.77,-0.6562177339,-0.9380676282,-32.72030648,3.528305759,5.79250634,,71.01171195,0.5627370225,-0.4572592276,4.608731649
1021.87,-0.5835834612,-0.7898056635,-32.83035935,3.573308715,5.764208866,,71.47397388,0.315777806,-0.06275818846,4.621254432
1021.97,-0.3823525714,-0.7115765364,-32.92736647,3.575018801,5.777227429,,71.93142137,-0.446629353,0.304012392,4.497994177
1022.07,-0.3951822637,-0.762047469,-32.53544397,3.487572842,5.77997663,,72.3782674,-1.37125166,-0.4112090588,4.450552542
1022.17,-0.5048729532,-0.5422428637,-31.83136023,3.321522921,5.71522743,,72.82162948,-1.92343604,-0.8498509131,4.409009061
1022.27,-0.582146259,-0.4230521085,-31.15917289,3.118446718,5.624702342,,73.25932122,-2.10644504,-0.9935233724,4.341273488
1022.37,-0.6195656618,-0.4907935372,-30.63023323,2.907897218,5.483988127,,73.69635609,-2.080099816,-2.024334654,4.439124467
1022.47,-0.6123254361,-0.3656421442,-30.24197472,2.70536155,5.230987949,,74.14881263,-1.954048469,-3.18039453,4.649316883
1022.57,-0.7324284389,-0.1750741735,-29.8824758,2.528838602,4.863882067,,74.62723122,-1.402715025,-4.223700594,4.962953151
1022.67,-0.8372733944,0.07473436922,-29.87674427,2.424181725,4.41553448,,75.13679091,-0.5211687698,-4.712693087,5.243674722
1022.77,-0.7950643208,0.2425405611,-30.3323574,2.421202824,3.935890306,,75.67087141,0.5582688926,-4.906195661,5.443128216
1022.87,-0.6078100283,0.2260767845,-31.17069579,2.516469154,3.413073059,,76.22429177,1.307261845,-5.777930224,5.650579009
1022.97,-0.4528336858,0.5721479409,-31.93423761,2.662987154,2.794945933,,76.7961378,1.578248456,-6.493130748,5.760581573
1023.07,-0.3546078255,0.9189933051,-32.52834911,2.822113412,2.14256026,,77.36916596,1.563623689,-6.414921976,5.653630418
1023.17,-0.2902378584,1.178641914,-33.09438111,2.972364528,1.541428188,,77.91967457,1.408157401,-5.52452458,5.29923746
1023.27,-0.2601741258,1.396556029,-33.49216774,3.104541265,1.026647277,,78.42813796,1.216470768,-4.645623407,4.802405666
1023.37,-0.2532951499,1.615829119,-33.62463069,3.218074706,0.6431391636,,78.87606897,1.037853482,-2.917453623,4.072788326
1023.47,-0.2844339675,1.560850281,-33.61851037,3.314676875,0.4043359187,,79.24774569,0.9087983854,-1.906173962,3.295284003
1023.57,-0.7489399011,1.431008918,-33.21576615,3.420203326,0.2312917288,,79.54247993,1.682059939,-1.743470022,2.556357963
1023.67,-0.5200632428,1.539751901,-34.33907132,3.676818017,0.04566706104,,79.76632136,3.528387056,-1.946203506,1.860760774
1023.77,-0.1342823965,1.663777433,-36.06939411,4.096836885,-0.1445881963,,79.91961895,4.836952024,-1.788883303,1.141071964
1023.87,0.1593279041,1.669576568,-36.9002581,4.610835407,-0.3077318592,,80.00014183,5.396909843,-1.462734619,0.4126761405
1023.97,0.526520973,1.794374883,-37.75407913,5.150334863,-0.4133753809,,80.00583211,5.199261855,-0.5094592184,-0.3715769569
1024.07,0.8758870589,1.756458612,-38.33217645,5.615746135,-0.4178958111,,79.93233465,3.804942911,0.5359775083,-1.169253051
1024.17,0.8434982269,1.539926502,-38.10434427,5.922343293,-0.333523713,,79.78046234,2.232530735,1.106637505,-1.919009968
1024.27,0.682163222,1.340397006,-37.42969383,6.089976073,-0.2162506698,,79.55755017,1.10473991,1.184700507,-2.578517421
1024.37,0.4911872164,1.151456334,-36.5687947,6.166900802,-0.1038719976,,79.27327222,0.4649849102,1.002356631,-3.13454674
1024.47,0.3730435077,0.9765953193,-35.76375951,6.200768697,-0.02087485811,,78.93902252,0.2271921371,0.6084561608,-3.567009998
1024.57,0.3635462582,0.8086943896,-35.09664941,6.207240154,0.02249121907,,78.56666009,-0.1679699986,0.2045616745,-3.887392527
1024.67,0.2350613982,0.6307434452,-34.30629896,6.179364066,0.01965189164,,78.16795849,-0.3545922349,-0.3192980229,-4.083079168
1024.77,0.2014412548,0.4825967404,-33.31753152,6.143987492,-0.03819864734,,77.75527925,-0.3959393942,-0.8765324339,-4.159286331
1024.87,0.234822209,0.3601528698,-32.56295951,6.090777165,-0.1479748149,,77.3396295,-0.7616016487,-1.338982293,-4.138088044
1024.97,0.2345580619,0.2387921086,-31.73636639,5.985085077,-0.2987372763,,76.92989767,-1.428951742,-1.692678591,-4.036316809
1025.07,0.2564270688,0.1710406151,-30.70679043,5.787783576,-0.4695167186,,76.532334,-2.631776877,-1.702910989,-3.898136955
1025.17,0.08700065238,0.05486498216,-29.30766819,5.469283375,-0.6303523884,,76.14946111,-3.742909447,-1.533555156,-3.740219616
1025.27,-0.09847534812,-0.0427706776,-28.30510358,5.065598536,-0.777429671,,75.78368394,-4.293508947,-1.395984473,-3.560511876
1025.37,-0.2858951566,0.02061733573,-27.41535753,4.627621448,-0.8839263476,,75.4321071,-4.421119362,-0.5823687965,-3.488003058
1025.47,-0.4479247583,-0.0503028572,-26.71552139,4.195201983,-0.8940374703,,75.08245126,-4.151832016,0.4771376981,-3.52415638
1025.57,-0.5655617892,-0.04290070016,-26.25178778,3.798785855,-0.791578715,,74.72446291,-3.677433949,1.773523535,-3.677491548
1025.67,-0.5538436295,-0.3280319254,-26.17705558,3.457885851,-0.5505235558,,74.34553013,-3.126145428,2.982027161,-3.905369729
1025.77,-0.529945971,-0.5769972291,-26.25922463,3.163974616,-0.2297433615,,73.94860639,-2.751544204,3.363037022,-4.02251841
1025.87,-0.5332786157,-0.6945990548,-26.38823401,2.907683211,0.1199963935,,73.54315317,-2.364747178,3.6316128,-4.07975284
1025.97,-0.5058514038,-0.8362177124,-26.61296212,2.683725071,0.4889739111,,73.13559656,-2.101133139,3.759281603,-4.058716523
1026.07,-0.4559792147,-0.937681857,-26.87389685,2.480924283,0.8689940945,,72.73338734,-1.972287343,3.893159507,-3.973114776
1026.17,-0.4188777677,-1.002457248,-27.08754903,2.284922197,1.271981761,,72.34105009,-1.964874177,4.263039398,-3.866045301
1026.27,-0.4380434061,-1.151536942,-27.20883437,2.090331742,1.717667723,,71.96036863,-1.910409456,4.686565309,-3.729762445
1026.37,-0.4324968932,-1.390791212,-27.35246427,1.902977809,2.193994502,,71.59651376,-1.826861326,4.743600952,-3.506611408
1026.47,-0.4352246348,-1.616358953,-27.5039449,1.728229608,2.644935695,,71.26201913,-1.651704233,4.137746014,-3.124211521
1026.57,-0.5321150301,-1.853111557,-27.63529254,1.581605956,3.009074749,,70.97424967,-1.166669123,2.943902658,-2.545826257
1026.67,-0.6315140869,-2.367426208,-28.1796774,1.528081032,3.17968712,,70.76202884,0.3003882108,-0.1725051625,-1.528413513
1026.77,-0.7603376411,-2.273557249,-29.98450723,1.693171427,2.991834859,,70.67119766,3.546935034,-3.736846415,-0.143944583
1026.87,-0.03056878578,-1.968928485,-32.51425466,2.170232375,2.510317428,,70.71717543,5.966543474,-5.828460076,1.141527719
1026.97,0.6846404943,-1.760584031,-34.59214167,2.826350777,1.875811569,,70.88268318,7.032461687,-6.823189156,2.235483485
1027.07,1.330594674,-1.540741236,-36.57382165,3.537850207,1.174115769,,71.14935464,7.044557119,-7.140411606,3.151716219
1027.17,2.020542136,-1.266977981,-38.24413449,4.205926767,0.4686622187,,71.49936002,6.023010517,-6.837665508,3.882974472
1027.27,2.45058911,-0.9498005135,-39.07944519,4.726520242,-0.176347535,,71.91358189,4.103841702,-5.872040147,4.415536371
1027.37,2.516693168,-0.69200269,-38.9463776,5.028446967,-0.6957157445,,72.37146748,1.781169733,-4.36908429,4.739887729
1027.47,2.288612659,-0.5258798267,-38.04847192,5.120574718,-1.066669528,,72.85394694,0.002367700719,-2.964780221,4.896266849
1027.57,1.94585772,-0.3733665255,-36.85220122,5.068848202,-1.307229956,,73.34490716,-0.9756543896,-1.780176433,4.896896232
1027.67,1.660018577,-0.2255819877,-35.66684699,4.95540035,-1.437474415,,73.8291437,-1.216057211,-0.7627094886,4.752770419
1027.77,1.470582119,-0.09204155908,-34.75735792,4.841262796,-1.472124616,,74.29313387,-0.9936650668,0.1240782016,4.485981598
1027.87,1.378143001,0.02472148296,-34.11832794,4.761445376,-1.423529297,,74.72576417,-0.5443380458,0.8937956151,4.121719877
1027.97,1.339080706,0.123318894,-33.72359429,4.730131387,-1.303059385,,75.11842392,-0.04065753714,1.552470167,3.684469688
1028.07,1.304115834,0.2038212594,-33.53626923,4.748131935,-1.121721616,,75.46497556,0.4284726984,2.10199582,3.199321082
1028.17,1.317822569,0.2657865424,-33.49550566,4.808976659,-0.8903823834,,75.76155323,0.8003372212,2.543469228,2.685005421
1028.27,1.359866911,0.3088827873,-33.54325496,4.901382477,-0.6197968821,,76.00592521,1.047894393,2.878262414,2.156031297
1028.37,1.413906089,0.3332069328,-33.62776656,5.012935773,-0.3205282671,,76.19721075,1.175848917,3.10905175,1.624941961
1028.47,1.634672972,0.3277781397,-33.87399596,5.125169209,-0.002962087854,,76.33575449,0.895061089,3.224464125,1.104890379
1028.57,1.645692129,0.3232752274,-33.76096596,5.177039929,0.3199230684,,76.42307431,0.07115180915,3.223337119,0.6005788791
1028.67,1.549384816,0.2942555488,-33.3869006,5.149013803,0.6381299987,,76.46091137,-0.6564549721,3.123217294,0.1204771443
1028.77,1.398039076,0.2606599418,-32.87176103,5.06257232,0.9444318622,,76.4522437,-1.048869395,2.984960005,-0.3238016437
1028.87,1.272212024,0.2129819911,-32.38106089,4.951053857,1.235069329,,76.40134058,-1.151907262,2.805620322,-0.7180359933
1028.97,1.187444141,0.13353973,-31.97587831,4.838463724,1.505555065,,76.313695,-1.072268122,2.556054043,-1.05013567
1029.07,1.151277374,0.07859905954,-31.60817006,4.735148229,1.745634281,,76.19615462,-0.9801701808,2.219191036,-1.312451711
1029.17,1.119881097,0.01501888519,-31.21859096,4.643246638,1.952418205,,76.05527926,-0.8451678131,1.888449213,-1.511572959
1029.27,1.215931032,-0.05469998859,-31.07693382,4.556961902,2.125823378,,75.8970581,-0.9791793656,1.549191881,-1.658791426
1029.37,1.170166429,-0.1347449547,-30.74102605,4.444459773,2.264890601,,75.72628743,-1.276263066,1.192787387,-1.753762304
1029.47,1.074019956,-0.1983058685,-30.37869326,4.308882897,2.366805224,,75.54914745,-1.426741771,0.8190932722,-1.781474086
1029.57,1.001091168,-0.268370385,-30.09590065,4.163482905,2.430800308,,75.37224169,-1.472841073,0.4322675442,-1.744235441
1029.67,0.9528236069,-0.3252012753,-29.91371462,4.01640904,2.457794309,,75.20158281,-1.462211892,0.08447608695,-1.653843553
1029.77,0.8469793154,-0.3779211916,-29.76043932,3.874813182,2.451670866,,75.04223145,-1.276009881,-0.227224203,-1.511855568
1029.87,0.8421155493,-0.426455242,-29.92565861,3.769478935,2.415875633,,74.89963377,-0.7927243843,-0.508385827,-1.318862784
1029.97,0.9386023375,-0.4685952273,-30.36032429,3.708181148,2.353025543,,74.77765701,-0.4387955078,-0.7662128238,-1.100096051
1030.07,1.029519565,-0.5016911176,-30.81488091,3.673534288,2.265616333,,74.67828707,-0.2648253502,-0.9958239754,-0.8665017327
1030.17,1.011401377,-0.7310909991,-35.96976814,3.55507477,1.67554336,,74.57359466,-2.810804143,-15.32937417,-1.499672871
1030.27,5.702780877,14.73138181,-80.13803384,3.628063219,0.2107978414,,74.44182663,4.940455043,-7.755425822,-0.9317925068
1030.37,0.9886705466,0.2876060453,-31.94301678,4.024428831,-0.01945176236,,74.36279282,3.200850268,-0.06421654947,-0.6647004456
1030.47,1.07335168,0.03957745439,-32.02068329,4.290458652,-0.02080800666,,74.30456686,2.06179472,0.01152049344,-0.4771744599
1030.57,1.107050717,-0.06630324428,-31.99731461,4.452572827,-0.0189403415,,74.26685089,1.13631575,0.01774758997,-0.2561528985
1030.67,1.115327916,-0.1107309215,-32.0499383,4.530978941,-0.01705704224,,74.25178391,0.4057416767,0.02821165306,-0.02787334754
1030.77,1.119461731,-0.1126092575,-32.0371801,4.545309737,-0.01324052579,,74.2588514,-0.1588051384,0.05020862673,0.1779200334
1030.87,1.115594768,-0.07412832778,-31.99101268,4.502757094,-0.007776761838,,74.28453943,-0.7377021261,0.04652152317,0.3433371803
1030.97,1.086340973,0.02427338411,-31.97173122,4.400214051,-0.003560022301,,74.324738,-1.367214327,0.02903551261,0.4611166438
1031.07,0.9972314539,0.1487811545,-32.02123928,4.239342197,-0.001997139584,,74.37429815,-1.861676986,0.0003534295422,0.5259365353
1031.17,0.8905931752,0.2927233933,-32.06129298,4.036861158,-0.003234591323,,74.42779119,-2.191996073,-0.02697161093,0.5346244692
1031.27,0.5367241871,0.4356050833,-32.28961141,3.895124605,-0.009342274885,,74.48702921,-0.2710938146,-0.04786974507,0.6853259201
1031.37,0.7654357174,0.4856215959,-32.24187664,3.892318446,-0.01358763408,,74.55820607,0.09796013529,-0.03960264063,0.7284178293
1031.47,0.79830438,0.5365370826,-32.23262763,3.902686063,-0.0174061882,,74.63139431,0.09572628873,-0.03670363763,0.7322616564
1031.57,0.8097685712,0.5845828367,-32.22504045,3.910961181,-0.02097907348,,74.70432932,0.06727967565,-0.03475912204,0.7235650768
1031.67,0.8184742134,0.6294805814,-32.21945048,3.916632877,-0.02438976584,,74.77599003,0.04503903682,-0.0334373413,0.7064312883
1031.77,0.826423754,0.6701877588,-32.21534932,3.920406645,-0.02768584891,,74.84562167,0.02960264369,-0.0324382082,0.6827226214
1031.87,0.8338710214,0.7060044562,-32.21239118,3.922877528,-0.0308870238,,74.91264606,0.01909403641,-0.03151975643,0.6541708305
1031.97,0.840863892,0.7365093813,-32.21043541,3.924463809,-0.03399272489,,74.97665829,0.01198104954,-0.03050346195,0.6225024752
1032.07,0.8474038809,0.7614085428,-32.20874411,3.925453501,-0.03699068857,,75.03742378,0.00720892347,-0.02935989123,0.5893814195
1032.17,0.853500906,0.7808475631,-32.20712823,3.926043222,-0.03986590154,,75.09486878,0.004025357654,-0.02801871278,0.5563418177
1032.27,0.8593358385,0.7951291372,-32.20650885,3.926366806,-0.04260121572,,75.1490651,0.001907312194,-0.02655693339,0.5247351444
1032.37,0.8648241614,0.8047045292,-32.20567351,3.926514478,-0.04518312793,,75.20021031,0.0005137501787,-0.02495965628,0.4957037326
1032.47,0.8700395525,0.8101059171,-32.20489844,3.92654728,-0.04760161669,,75.24860553,-0.0003818755338,-0.02328155799,0.4701568526
1032.57,0.8745107823,0.8131539932,-32.20218073,3.927128784,-0.04918371977,,75.29471769,0.009023933964,-0.006342111614,0.4504027181
1032.67,0.8811906986,0.8111004289,-32.20569002,3.927689002,-0.05058711366,,75.33892762,0.0002563741624,-0.01952226538,0.4324936362
1032.77,0.884726436,0.8083450052,-32.20209172,3.927617604,-0.05248184015,,75.38160518,-0.00164855691,-0.01822251912,0.4203583208
1032.87,0.8891161379,0.8043266295,-32.20365508,3.927560798,-0.05395459055,,75.42332096,0.0008763865911,-0.01116585173,0.4137268294
1032.97,0.894249008,0.7991690065,-32.2023185,3.927716561,-0.05500506107,,75.46458212,0.001516958025,-0.009809302715,0.4114917335
1033.07,0.8993092624,0.7943524046,-32.20153995,3.92744408,-0.05592602857,,75.50577297,-0.005462157006,-0.008758946248,0.4127626588
1033.17,0.903484766,0.7900832843,-32.2011509,3.92689075,-0.0567614756,,75.54730497,-0.005908221305,-0.007936420608,0.4184157618
1033.27,0.9082324161,0.7866668722,-32.20061155,3.92633098,-0.05753007244,,75.5895631,-0.005738845689,-0.007570130608,0.4274680306
1033.37,-3.065515431,0.8074917403,-32.46141074,3.875451269,-0.05851110605,,75.62313794,-1.381387502,-0.01708253156,0.08053812224
1033.47,-3.296688877,0.8316823819,-32.48062647,3.741053854,-0.06140668268,,75.60825891,-1.215687027,-0.0389282785,-0.4193222352
1033.57,-3.594408142,0.7599551408,-32.51193052,3.631650576,-0.06549498053,,75.54348295,-0.9622160031,-0.03994511715,-0.9166589093
1033.67,-3.85298083,0.5935806758,-32.5345536,3.544727966,-0.06889088158,,75.42978526,-0.7698756277,-0.02449651736,-1.391521728
1033.77,-4.080870779,0.3427310674,-32.5513642,3.474706895,-0.07015617547,,75.27059445,-0.6260049012,0.002932265859,-1.818579578
1033.87,-4.285672494,0.02265930811,-32.56422853,3.417310952,-0.068294089,,75.07172688,-0.518745558,0.03796943126,-2.176013888
1033.97,-4.472805829,-0.3471332464,-32.57431684,3.369308111,-0.06273915148,,74.84096223,-0.4391621378,0.07639214952,-2.446992574
1034.07,-4.646449241,-0.7444305254,-32.58275606,3.328255201,-0.05331619333,,74.58751778,-0.3805063787,0.114226131,-2.619974982
1034.17,-4.809500218,-1.145546934,-32.59009872,3.292306428,-0.04027301465,,74.32138469,-0.3376782954,0.1478498133,-2.692101736
1034.27,-4.964380215,-1.528414841,-32.59642935,3.260069858,-0.02418388216,,74.05270855,-0.3067007381,0.1747153612,-2.662889166
1034.37,-5.112566759,-1.872000577,-32.6020927,3.230501047,-0.005808063531,,73.79140857,-0.2846204145,0.192546713,-2.538482619
1034.47,-5.254798077,-2.158732669,-32.60734347,3.202818324,0.01388050726,,73.54641971,-0.2692054781,0.1999545612,-2.332479049
1034.57,-5.38452694,-2.364346689,-32.59662235,3.176609367,0.0338812702,,73.32509173,-0.2496109524,0.2078193538,-2.066940866
1034.67,-5.538364638,-2.523051162,-32.64712983,3.1520906,0.05437479707,,73.13230054,-0.2490985282,0.185981075,-1.752511654
1034.77,-5.652612576,-2.572464264,-32.62126795,3.12731676,0.07170510323,,72.9724865,-0.2461977019,0.1592480955,-1.415099305
1034.87,-5.776683108,-2.549914581,-32.62531418,3.102860289,0.08625714975,,72.84651493,-0.2433809623,0.1280370213,-1.078439213
1034.97,-5.897614936,-2.454505566,-32.62973163,3.078635536,0.09741107768,,72.75345399,-0.2415465857,0.09122288026,-0.761738964
1035.07,-6.015684634,-2.297457268,-32.63412244,3.054567041,0.1047228722,,72.69046497,-0.2402402845,0.05139136534,-0.4828173354
1035.17,-6.131355699,-2.093623358,-32.63853044,3.03061297,0.1080183737,,72.65308621,-0.2392196064,0.01137088134,-0.2558653972
1035.27,-6.245206099,-1.860295147,-32.6430381,3.006753752,0.1074056816,,72.63563611,-0.238320124,-0.0261027771,-0.09058996424
1035.37,-6.357638172,-1.615831902,-32.64743591,2.982985147,0.103260755,,72.63168492,-0.2374008343,-0.05845950126,0.008201614818
1035.47,-6.469203771,-1.378115058,-32.6518763,2.959309852,0.09619406842,,72.634553,-0.2364514271,-0.0836589783,0.04071251921
1035.57,-6.580186719,-1.16305062,-32.65618431,2.935732233,0.08699375571,,72.63779702,-0.23545037,-0.1002502004,0.01175396374
1035.67,-6.690700337,-0.9834947847,-32.66007376,2.912255024,0.07655358032,,72.63564318,-0.2344354995,-0.1076318636,-0.06991911688
1035.77,-6.800908883,-0.8484158322,-32.6635423,2.888878308,0.06579576699,,72.62333393,-0.2334394623,-0.1059407595,-0.1926613475
1035.89,-6.929190224,-0.7529048527,-32.66748244,2.861726808,0.05400133009,,72.59154141,-0.2323448822,-0.09371701565,-0.3698568905
1035.99,-7.040264468,-0.7211662727,-32.66828736,2.838258112,0.04578806666,,72.54689177,-0.2400456499,-0.06367482208,-0.5402739706
1036.09,-7.150731633,-0.7400249851,-32.67402599,2.814268129,0.04047869198,,72.48522248,-0.239770798,-0.0403741069,-0.7056933937
1036.19,-7.259349566,-0.7955981306,-32.67710786,2.790341122,0.03757863098,,72.40760275,-0.2390744025,-0.01542696581,-0.8564753953
1036.29,-7.362965388,-0.8779106215,-32.67983393,2.767415506,0.03716869077,,72.31590443,-0.2208175212,0.00919345041,-0.984113243
1036.39,-7.46635272,-0.9773886062,-32.6826746,2.745450645,0.03915829495,,72.21273946,-0.2192156275,0.0319626068,-1.082748405
1036.49,-7.567214815,-1.08221082,-32.68523221,2.723575379,0.04326326136,,72.10113553,-0.2186551614,0.050960239,-1.150140263
1036.59,-7.665916643,-1.182404221,-32.68741966,2.701756385,0.0490548584,,71.98421424,-0.2180628822,0.06516657875,-1.186846391
1036.69,-7.766136543,-1.271952014,-32.69289651,2.679647997,0.05553482886,,71.8651243,-0.2260254575,0.06170755233,-1.190425192
1036.79,-7.859720517,-1.338322534,-32.69128593,2.657071082,0.06186747557,,71.74665571,-0.2257241776,0.0644476195,-1.174931839
1036.89,-7.952490438,-1.383371134,-32.69264978,2.634550307,0.06826929049,,71.63051135,-0.2249739507,0.06266614502,-1.143630695
1036.99,-8.043133804,-1.406211361,-32.69466193,2.612110618,0.07430854331,,71.517979,-0.2240669363,0.05707370419,-1.102994907
1037.09,-8.130928336,-1.408366133,-32.69524841,2.589770262,0.07965279652,,71.40970117,-0.2229389449,0.04877248634,-1.059266693
1037.19,-8.216609853,-1.393264301,-32.69628234,2.56755142,0.08408622846,,71.30573056,-0.2216349899,0.03891720012,-1.017834654
1037.29,-8.300340615,-1.36509954,-32.69797477,2.545471631,0.08751187459,,71.20563316,-0.2201446852,0.0288063656,-0.9829119844
1037.39,-8.381231541,-1.328580551,-32.6982328,2.523552117,0.08995483063,,71.10862358,-0.2184037155,0.01942068763,-0.9571467807
1037.49,-8.460330584,-1.288447042,-32.69954646,2.50181519,0.09151873571,,71.01371553,-0.2164629167,0.01146948713,-0.9418736513
1037.59,-8.536775411,-1.248590495,-32.69945736,2.48027949,0.09237377229,,70.91984495,-0.2143536511,0.00545039915,-0.9371888007
1037.69,-8.617998514,-1.21610286,-32.7121823,2.458917472,0.09266808456,,70.82601247,-0.2159212065,-0.003492896893,-0.9399982154
1037.79,-8.685051537,-1.181851741,-32.70039816,2.437401007,0.09212320515,,70.73158569,-0.2141709695,-0.006610173501,-0.951294329
1037.89,-8.755892691,-1.155827141,-32.70088343,2.416115418,0.09144410414,,70.63568985,-0.2116067547,-0.006720931584,-0.9693073667
1037.99,-8.820053229,-1.136857653,-32.69847825,2.395103521,0.09083018032,,70.53778566,-0.205561587,-0.005166068651,-0.9915315958
1038.09,-8.88979132,-1.123810544,-32.70072969,2.375015271,0.09042505721,,70.43754173,-0.1980984891,-0.002629212396,-1.015787242
1038.19,-8.954202842,-1.115497612,-32.70040829,2.355346727,0.09030602975,,70.3348636,-0.1953873643,0.0005730487551,-1.039946994
1038.29,-9.016529372,-1.110663913,-32.70038054,2.335941306,0.09052089687,,70.22982821,-0.192757157,0.003963154826,-1.06260393
1038.39,-9.076668182,-1.107734692,-32.70020626,2.316803744,0.09106396176,,70.1226328,-0.1900202021,0.007073949174,-1.082839925
1038.49,-9.134544315,-1.105123584,-32.6996159,2.297943536,0.09189798718,,70.01354038,-0.1871931683,0.009708191837,-1.100272986
1038.59,-9.190839733,-1.099911731,-32.69749307,2.279311765,0.0930445171,,69.90280719,-0.1871789844,0.01596907763,-1.116461449
1038.69,-9.245288005,-1.096606905,-32.6986694,2.260705561,0.09475232509,,69.79056713,-0.1845988448,0.01787407015,-1.129116439
1038.79,-9.297330434,-1.090462417,-32.69802279,2.242404304,0.09658091312,,69.67718905,-0.1814088477,0.01861938919,-1.139194221
1038.89,-9.351936244,-1.081691078,-32.69728371,2.224406801,0.09845909799,,69.56289719,-0.1786829349,0.01888430217,-1.147247722
1038.99,-9.404972411,-1.070460222,-32.6968353,2.206669139,0.100342104,,69.44788333,-0.1760345688,0.01865570578,-1.153571259
1039.09,-9.455854991,-1.056869377,-32.69608392,2.189209064,0.1021856686,,69.33229394,-0.1731247395,0.01808939842,-1.158740897
1039.19,-9.504667894,-1.041216987,-32.6954154,2.172049525,0.1039602737,,69.21622335,-0.1700036606,0.01728984251,-1.163196515
1039.29,-9.551211093,-1.023913293,-32.69412251,2.155211262,0.1056515437,,69.0997262,-0.1666863081,0.01641240306,-1.167264953
1039.39,-9.596030031,-1.005274097,-32.69352841,2.138709549,0.107255805,,68.98283265,-0.1632551296,0.01557359827,-1.171118913
1039.49,-9.639577992,-0.98559427,-32.69213885,2.122555899,0.108778004,,68.86556224,-0.1597742394,0.01478991116,-1.174775944
1039.59,-9.682520927,-0.9652182123,-32.69188736,2.106741721,0.110225932,,68.74793741,-0.1564064751,0.01410112085,-1.178160695
1039.69,-9.723345668,-0.9441741479,-32.69101474,2.091272729,0.11161136,,68.62999048,-0.1528862995,0.01354998222,-1.181149475
1039.79,-9.76205825,-0.9225397105,-32.68957534,2.07616203,0.1129467433,,68.51176962,-0.1492057948,0.01311265565,-1.183554021
1039.89,-9.789785689,-0.8930050874,-32.68430517,2.060805589,0.1150998299,,68.39298516,-0.1474110838,0.02796259842,-1.192440448
1039.99,-9.835275334,-0.8770812398,-32.68723107,2.047194079,0.1179538755,,68.27361178,-0.1298681682,0.02903659135,-1.194731982
1040.09,-9.869083135,-0.8582807309,-32.68626452,2.03440398,0.1208706495,,68.1541702,-0.1260362895,0.02908096601,-1.193770081
1040.19,-9.901413456,-0.837068937,-32.68533932,2.021961417,0.1237516496,,68.034928,-0.1226943455,0.02839019359,-1.190691259
1040.29,-9.932999352,-0.8247659257,-32.67471524,2.009807625,0.1264958917,,67.91609294,-0.1253642578,0.01823102241,-1.182275159
1040.39,-9.963544514,-0.7858879189,-32.68030177,1.997026539,0.1280225208,,67.79830812,-0.1306217186,0.01863055664,-1.175707387
1040.49,-9.992551598,-0.7600016446,-32.68197302,1.984080721,0.1298879318,,67.6810073,-0.1275223655,0.01830006938,-1.169559562
1040.59,-10.01999195,-0.7333548928,-32.68137533,1.971525124,0.1316839581,,67.5644188,-0.1233758804,0.01753453146,-1.16130674
1040.69,-10.04563481,-0.7061397727,-32.68006759,1.959387256,0.1334138214,,67.44875342,-0.1191746713,0.01694487521,-1.15085114
1040.79,-10.06964713,-0.6783835011,-32.67849816,1.947672688,0.1350783843,,67.33425062,-0.1148923832,0.0162540034,-1.137802718
1040.89,-10.092135,-0.649185442,-32.67782963,1.936957563,0.1366493308,,67.22119291,-0.1010608312,0.01541405443,-1.121654676
1040.99,-10.11311945,-0.6206364498,-32.67635694,1.927073059,0.1381644662,,67.10989538,-0.09663996567,0.01481473801,-1.102281366
1041.09,-10.13258276,-0.5912102634,-32.67553818,1.917592288,0.1396122271,,67.00068211,-0.09274538842,0.0140747565,-1.07968308
1041.19,-10.15054806,-0.561287996,-32.67459167,1.908503322,0.1409836366,,66.8938807,-0.08882292878,0.01327676253,-1.053716932
1041.29,-10.16786871,-0.5309375163,-32.67359685,1.899803533,0.1422800839,,66.78984214,-0.08495879661,0.01262061592,-1.023994272
1041.39,-10.18373154,-0.5005411484,-32.67251257,1.891486115,0.143516811,,66.68896924,-0.08112766116,0.0120573414,-0.9900036181
1041.49,-10.19803052,-0.4703676342,-32.67150295,1.883556827,0.144693001,,66.59169931,-0.07720550385,0.01140197562,-0.9515311437
1041.59,-7.467556103,-4.788110046,-28.44284579,1.929379515,0.08289838261,,66.52335567,2.813581272,-3.629927135,0.4932987288
1041.69,-9.342498654,0.4272004509,-32.73431665,2.128306647,-0.1650461231,,66.56496774,1.178019294,-1.538648708,0.2934515636
1041.79,-9.359106624,0.5399732263,-32.95358557,2.227119682,-0.2985218434,,66.59546017,0.8054455285,-1.110730065,0.3127570496
1041.89,-9.216705286,0.4657026593,-32.67725047,2.304105828,-0.4046450582,,66.63090742,0.6399638737,-0.8902066414,0.3588134781
1041.99,-9.282238514,0.5403104842,-32.86426866,2.372967523,-0.5004304217,,66.67302009,0.5964032781,-0.8350125348,0.4226808325
1042.09,-9.045311629,0.7521268972,-32.31774127,2.403284701,-0.5451391057,,66.70415432,0.04823294994,-0.08223376659,0.2065383004
1042.19,-9.180351238,-0.2227746103,-32.64852933,2.420856395,-0.5667321521,,66.73299317,0.3953640493,-0.4936922209,0.4272076819
1042.29,-9.292091747,0.2632615151,-32.93925335,2.456044129,-0.6137031631,,66.77598865,0.3418134378,-0.4896029157,0.4292947987
1042.39,-9.229765269,0.3470414041,-32.81053269,2.479719138,-0.6497979546,,66.81234395,0.2160000125,-0.3258447172,0.3278859077
1042.49,-9.177161365,0.5468623187,-32.66245048,2.485877027,-0.6617827706,,66.83690608,-0.05655150819,0.06304799876,0.1799006717
1042.59,-9.27062892,0.5084284717,-32.85131934,2.479334677,-0.6518370189,,66.85506481,-0.1334175131,0.1962628122,0.1605651527
1042.69,-9.126087702,-0.1099020444,-32.48346638,2.467557616,-0.6323656978,,66.87162236,-0.00402813055,0.06334277146,0.1980172594
1042.79,-9.215855515,0.7210827773,-32.74706436,2.480745813,-0.6467693368,,66.89036213,0.2507348002,-0.4245729281,0.08192507856
1042.89,-9.171901286,0.3372820987,-32.76054314,2.50492961,-0.6855102055,,66.89070217,0.2356776401,-0.3869147503,-0.02040094438
1042.99,-0.1158705165,0.394646272,-32.30235832,2.683526713,-0.7213998536,,66.88870199,3.347359284,-0.3121754648,-0.01738059407
1043.09,1.940564327,0.3856913804,-32.12005553,3.054217024,-0.7485216995,,66.88695893,3.800020469,-0.2274232087,-0.01589657809
1043.19,2.629929577,0.3779929029,-32.06648633,3.41028522,-0.7683508631,,66.88550209,3.195501137,-0.1674765345,-0.01293766395
1043.29,2.79677857,0.3732483754,-32.05909534,3.693653427,-0.783005783,,66.88432936,2.410089069,-0.1243336733,-0.01029593912
1043.39,2.78474486,0.3701775176,-32.06259303,3.901999084,-0.7939230163,,66.88340448,1.724896252,-0.09306150775,-0.00805427116
1043.49,2.724481816,0.3684068791,-32.06867251,4.049104005,-0.8021235433,,66.88268451,1.199861506,-0.0701211143,-0.006236651928
1043.59,2.662209591,0.3674894241,-32.07350365,4.150644764,-0.8083034819,,66.88213021,0.8210661949,-0.05283678987,-0.004773741295
1043.69,2.611433815,0.366763238,-32.07618602,4.219812151,-0.8129596562,,66.88170755,0.5563780801,-0.03978329636,-0.003624755571
1043.79,2.573628575,0.3662529164,-32.07853604,4.266552161,-0.816462323,,66.88138766,0.374772032,-0.02987921236,-0.002732867192
1043.89,2.546767872,0.3659817313,-32.07910988,4.297981097,-0.8190911598,,66.881147,0.2514902591,-0.02239538492,-0.002050459678
1043.99,2.528027066,0.3656556253,-32.07980987,4.319046254,-0.8210585041,,66.88096687,0.1683324678,-0.01676399167,-0.001533867626
1044.09,2.515503449,0.3652527926,-32.08120769,4.333135735,-0.8225287153,,66.88083241,0.1124707968,-0.01249392207,-0.001141424106
1044.19,2.506795555,0.3650353945,-32.08066321,4.342543434,-0.823624577,,66.88073237,0.07503060513,-0.00930742815,-0.0008485204183
1044.29,2.500987751,0.3648179371,-32.08154512,4.348815352,-0.8244390659,,66.88065819,0.04998619497,-0.006902083021,-0.0006278150793
1044.39,2.497107573,0.3646208079,-32.08133997,4.352989076,-0.8250440105,,66.88060321,0.03321106949,-0.005130271333,-0.0004654974663
1044.49,2.494488241,0.3644700226,-32.08174956,4.355759246,-0.8254937396,,66.88056245,0.02201223692,-0.003813433839,-0.000345152698
1044.59,2.49266719,0.3644552973,-32.08093097,4.357595174,-0.8258253867,,66.88053246,0.01457709641,-0.002794666596,-0.0002524281901
1044.69,2.491398129,0.3646066603,-32.0809547,4.358808316,-0.8260712398,,66.88051028,0.009616371341,-0.002103449435,-0.000189505409
1044.79,2.490733534,0.3642873509,-32.08172028,4.359606598,-0.8262542753,,66.8804938,0.006296910319,-0.001551159785,-0.0001394505337
1044.89,2.490049844,0.3645328577,-32.08119661,4.360128674,-0.8263901534,,66.8804816,0.004105220599,-0.001138904505,-0.0001022014327
1044.99,2.489722994,0.3642786333,-32.08128692,4.360467626,-0.8264897344,,66.88047267,0.002638617174,-0.0008545718839,-7.651048395e-05
1045.09,2.489478982,0.3643838207,-32.08106611,4.360683599,-0.8265647022,,66.88046596,0.001675735792,-0.0006338969812,-5.664964587e-05
1045.19,2.489408664,0.3643998993,-32.08141929,4.360819236,-0.8266224435,,66.88046081,0.001024266733,-0.0004835604923,-4.311639434e-05
1045.29,2.489177222,0.3643621282,-32.08116059,4.360901894,-0.8266644792,,66.88045707,0.0006215853084,-0.0003557803726,-3.167238888e-05
1045.39,2.489160461,0.3642537283,-32.08139262,4.36095176,-0.826695407,,66.88045431,0.0003605198511,-0.000281193806,-2.497469018e-05
1045.49,2.48905584,0.3642520395,-32.08131626,4.360979595,-0.8267196015,,66.88045217,0.0002101792798,-0.000211399588,-1.87635807e-05
1045.59,2.489025389,0.3642685952,-32.08141564,4.360995806,-0.8267378487,,66.88045055,0.0001157911219,-0.0001575184007,-1.395284124e-05
1045.69,2.488992921,0.3643556261,-32.0808277,4.361005202,-0.8267501101,,66.88044946,6.546678767e-05,-0.0001128913069,-1.000045125e-05
1045.79,2.488968128,0.3643568103,-32.08067953,4.361010352,-0.8267594484,,66.88044864,3.665750253e-05,-7.480564649e-05,-6.599813142e-06
1045.89,2.4890009,0.3642321808,-32.08133705,4.36101355,-0.826766542,,66.88044801,2.22199778e-05,-7.824442527e-05,-6.905272378e-06
1045.99,2.489005962,0.3642794451,-32.08138051,4.361014565,-0.8267745899,,66.8804473,-7.334567487e-06,-7.494363102e-05,-6.617758297e-06
1046.09,2.489005825,0.3642726364,-32.08137778,4.361014339,-0.8267808611,,66.88044675,-8.98663534e-06,-5.156390863e-05,-4.55277646e-06
1046.19,2.489004676,0.364234149,-32.08135847,4.361012795,-0.8267842706,,66.88044645,-2.323270932e-05,-3.367081537e-05,-2.970890274e-06
1046.29,2.488989492,0.364218923,-32.08152532,4.361009776,-0.8267871232,,66.8804462,-2.585055211e-05,-1.066629714e-05,-9.396058344e-07
1046.39,2.488946953,0.3642275992,-32.08133497,4.361009296,-0.8267881073,,66.88044611,2.012610463e-05,-1.545891234e-05,-1.366504146e-06
1046.49,2.488990396,0.3642574317,-32.08136897,4.361011306,-0.8267886928,,66.88044606,7.532269135e-06,-1.415823437e-05,-1.249025429e-06
1046.59,2.488970038,0.3642698649,-32.08130306,4.361012161,-0.8267905716,,66.88044589,1.944529025e-05,-1.911514239e-05,-1.68459294e-06
1046.69,2.4889532,0.3642140869,-32.08167106,4.36101439,-0.8267929258,,66.88044568,3.247752077e-05,-3.850573382e-05,-3.403305112e-06
1046.79,2.488992002,0.364299775,-32.08135899,4.361019171,-0.8267970978,,66.88044532,4.985289885e-05,-3.322084849e-05,-2.924464649e-06
1046.89,2.488982027,0.3642805903,-32.08136991,4.361023635,-0.8267993863,,66.88044511,4.17975037e-05,-1.457410102e-05,-1.279324767e-06
1046.99,2.487232366,0.3647124442,-32.08106714,4.361032689,-0.8267992765,,66.88044512,0.0005604161329,0.0001187473546,9.979379783e-06
1047.09,2.485004017,0.3629317098,-32.08162,4.361389219,-0.8267870534,,66.88044604,0.006745909464,-0.00034914297,-3.352624201e-05
1047.19,2.473775982,0.3637575595,-32.08206298,4.362409712,-0.8268731462,,66.88043798,0.01783195933,-0.001307453916,-0.0001226530917
1047.29,2.476968921,0.3657006816,-32.08181993,4.364978181,-0.8269721825,,66.88042821,0.03464331277,-0.0002059786851,-3.185491499e-05
1047.39,2.49618706,0.3642609627,-32.08118149,4.368698453,-0.8269694796,,66.88042698,0.03725965201,0.0001246515006,-3.644384845e-06
1047.49,2.502106992,0.3643343688,-32.08090316,4.372159369,-0.8269594067,,66.88042651,0.03079134141,7.011698322e-05,-5.919098068e-06
1047.59,2.503336982,0.3641207923,-32.08067824,4.374879352,-0.8269567669,,66.88042567,0.02305249452,-2.591353796e-05,-1.140125885e-05
1047.69,2.505034382,0.3638486737,-32.08031413,4.376839314,-0.8269689179,,66.88042382,0.0152612234,-0.0003652837447,-3.842470676e-05
1047.79,2.502621691,0.3644076609,-32.08041943,4.378072518,-0.8270130165,,66.88041942,0.009447025869,-0.00045365768,-4.39793689e-05
1047.89,2.501428829,0.3645624895,-32.08036976,4.378844789,-0.8270527504,,66.88041559,0.005993851633,-0.0003401536557,-3.254875922e-05
1047.99,2.500750724,0.3645250528,-32.08052865,4.379338629,-0.8270821358,,66.88041279,0.003871360444,-0.0002397918439,-2.280791651e-05
1048.09,2.500369791,0.3644598007,-32.08066736,4.379660229,-0.8271036403,,66.88041075,0.002542369074,-0.0001671708942,-1.584008863e-05
1048.19,2.500185779,0.3644791031,-32.08060665,4.379872123,-0.8271190306,,66.8804093,0.00169322808,-0.0001378335772,-1.290146249e-05
1048.29,2.500016392,0.3645127281,-32.08040377,4.380013226,-0.8271328064,,66.88040803,0.001122189194,-0.0001202846481,-1.111858438e-05
1048.39,2.499897298,0.364506227,-32.0805138,4.380106954,-0.8271425789,,66.88040712,0.000756811798,-7.895046548e-05,-7.306270727e-06
1048.49,2.499896315,0.3644576811,-32.08062306,4.380170319,-0.8271489053,,66.88040654,0.0004953276947,-5.327897269e-05,-4.924477594e-06
1048.59,2.499851943,0.3644497766,-32.08052027,4.3802119,-0.8271534612,,66.88040611,0.0003343858579,-4.571576924e-05,-4.18968729e-06
1048.69,2.499815219,0.3644700286,-32.08049924,4.380240678,-0.8271567611,,66.88040581,0.000240885413,-2.284261183e-05,-2.122670176e-06
1048.79,2.4998493,0.3644543779,-32.08053227,4.380261057,-0.8271585633,,66.88040564,0.0001528149353,-1.193679957e-05,-1.120083539e-06
1048.89,2.499781524,0.3644689405,-32.0805252,4.380273456,-0.8271595587,,66.88040555,0.0001060766778,-2.961646655e-06,-3.104912137e-07
1048.99,2.499828253,0.3644685255,-32.08047412,4.380282911,-0.8271585973,,66.88040563,7.077392732e-05,2.300771299e-05,2.014025715e-06
1049.09,2.499792897,0.3644456469,-32.080522,4.380287589,-0.827157267,,66.88040575,2.576933986e-05,-1.827292537e-06,-1.753899039e-07
1049.19,2.49975311,0.3645082609,-32.08043639,4.380289405,-0.8271574196,,66.88040573,1.441382299e-05,5.693980313e-06,4.918599349e-07
1049.29,2.499777379,0.3644503175,-32.08056147,4.380290672,-0.8271572806,,66.88040575,1.398815447e-05,-3.23008604e-06,-2.844026676e-07
1049.39,2.499763195,0.3644985962,-32.08053496,4.380292447,-0.8271574254,,66.88040573,2.012046101e-05,6.244258668e-06,5.569452935e-07
1049.49,2.499762027,0.3644642971,-32.08046502,4.380294353,-0.8271572523,,66.88040575,2.106592355e-05,-4.671626736e-06,-4.231104101e-07
1049.59,2.49979188,0.3644500643,-32.08054231,4.380295777,-0.8271574333,,66.88040573,3.694990596e-06,-3.042104368e-06,-2.702286415e-07
1049.69,2.49976803,0.3643953061,-32.08049692,4.380295934,-0.8271571647,,66.88040576,-7.601669146e-07,-3.809714686e-06,-3.38481731e-07
1049.79,2.499787089,0.3644319521,-32.08060944,4.380295826,-0.8271572573,,66.88040575,-1.051832375e-06,4.093544523e-06,3.622410402e-07
1049.89,2.499810114,0.3644299257,-32.08063549,4.380295785,-0.8271572702,,66.88040575,-4.901816635e-06,1.601869339e-06,1.427488999e-07
1049.99,2.499775622,0.3645087512,-32.08060855,4.380294825,-0.8271572905,,66.88040575,-9.585263759e-06,3.85431185e-06,3.429250814e-07
1050.09,2.499783166,0.3644419426,-32.08068216,4.380294243,-0.8271571212,,66.88040576,4.691495657e-06,-1.450320896e-06,-1.290811408e-07
1050.19,2.499752384,0.3644692601,-32.08041427,4.3802947,-0.8271572113,,66.88040575,1.598354832e-06,5.49761977e-07,4.926528108e-08
1050.29,2.499762478,0.3644376437,-32.0804897,4.380294561,-0.8271571623,,66.88040576,3.566331394e-07,-1.192959382e-07,-1.178137921e-08
1050.4,2.499757717,0.3644389871,-32.0805193,4.380294619,-0.8271573062,,66.88040574,4.987245014e-07,6.104702561e-06,5.411892495e-07
1050.5,2.499745793,0.3644703537,-32.08039857,4.380294575,-0.8271572505,,66.88040575,-6.811793419e-07,-9.853359159e-07,-8.55069511e-08
1050.6,2.499786828,0.3644395837,-32.08072118,4.380294555,-0.8271572035,,66.88040575,2.489881963e-06,-1.692615512e-06,-1.505459951e-07
1050.7,2.499767464,0.3645148603,-32.08037354,4.380294588,-0.8271572098,,66.88040575,7.394792023e-07,4.100475754e-06,3.644643109e-07
1050.8,2.499787898,0.3645070445,-32.08060417,4.380294549,-0.8271573018,,66.88040574,-8.751512743e-07,2.237243313e-06,1.991871906e-07
1050.9,2.499791486,0.3644427784,-32.08047354,4.380294509,-0.8271571813,,66.88040576,-1.139014706e-06,-3.104225682e-06,-2.761396365e-07
1051,2.49978784,0.3644386047,-32.08071836,4.380294491,-0.8271572812,,66.88040575,1.866660175e-06,-5.070595245e-07,-4.255109178e-08
1051.1,2.499747809,0.3644691107,-32.08039517,4.38029458,-0.8271572196,,66.88040575,-2.161897582e-07,-2.282010872e-06,-2.00540664e-07
1051.2,2.499785967,0.3644992921,-32.08059701,4.380294428,-0.827157314,,66.88040574,-1.44149744e-06,3.36204732e-06,2.984605086e-07
1051.3,2.499797804,0.3644267477,-32.08059523,4.380294612,-0.8271572421,,66.88040575,-1.590886357e-06,-1.504189808e-07,-1.488696144e-08
1051.4,2.499750921,0.3644691906,-32.08033334,4.380294453,-0.8271573029,,66.88040575,-1.584814953e-06,-1.819265521e-06,-1.585020442e-07
1051.5,2.49975337,0.3644618465,-32.08024909,4.380294359,-0.8271572308,,66.88040575,-5.004618771e-06,1.96802074e-07,1.800132248e-08
1051.6,2.499742085,0.3644386078,-32.0804455,4.380293998,-0.8271573085,,66.88040574,1.477148644e-06,5.042446293e-06,4.470302791e-07
1051.7,2.499801716,0.3644275332,-32.08076372,4.380294392,-0.8271572206,,66.88040575,1.793291917e-06,-1.984323859e-06,-1.765141739e-07
1051.8,2.499783878,0.3644578991,-32.08055593,4.380294068,-0.8271574259,,66.88040573,-3.817348437e-06,-1.429678499e-06,-1.283671572e-07
1051.9,2.499740194,0.3644664889,-32.08031197,4.380294244,-0.8271571864,,66.88040576,3.852513986e-06,-1.907507228e-06,-1.67515975e-07
1052,2.499749868,0.3645153124,-32.08041205,4.380294235,-0.8271575019,,66.88040573,-2.861846814e-06,1.073728957e-07,1.174692702e-08
1052.1,2.499798665,0.3644410296,-32.08068486,4.380294238,-0.8271571295,,66.88040576,3.428329986e-06,-4.240720778e-06,-3.763579637e-07
1052.2,2.499767499,0.3645089575,-32.08060799,4.380294235,-0.8271574252,,66.88040573,-2.917112767e-06,2.914267266e-06,2.589127589e-07
1052.3,2.499786158,0.3644536887,-32.08063152,4.380294393,-0.8271571809,,66.88040575,5.096668256e-07,-1.607205888e-06,-1.444241966e-07
1052.4,2.499772842,0.3644472441,-32.0804711,4.38029417,-0.8271575224,,66.88040572,-2.595046867e-06,1.412235299e-06,1.234732884e-07
1052.5,2.499782452,0.3643998336,-32.08038736,4.3802945,-0.827157185,,66.88040575,2.705762427e-06,-7.918842725e-06,-7.02637293e-07
1052.6,2.499748779,0.3644444935,-32.08059889,4.380294256,-0.8271570786,,66.88040576,6.001721858e-07,3.93309597e-06,3.492339583e-07
1052.7,2.499752485,0.3644645265,-32.08024579,4.380294473,-0.8271572995,,66.88040574,2.745326186e-07,-2.035193885e-06,-1.783282882e-07
1052.8,2.499739531,0.3644317081,-32.08051415,4.380294346,-0.8271571202,,66.88040576,-1.871900989e-06,8.213679989e-06,7.287639334e-07
1052.9,2.49975629,0.3644826509,-32.08050002,4.380294438,-0.8271573339,,66.88040574,3.728098417e-06,8.314637144e-06,7.371782939e-07
1053,2.499779645,0.3644470124,-32.08059744,4.380294372,-0.8271572472,,66.88040575,-3.785641797e-06,-3.370878373e-07,-3.332419813e-08
1053.1,2.499756791,0.3644623976,-32.08061954,4.380294062,-0.8271574827,,66.88040573,-5.164331895e-06,-6.224206129e-08,-4.962264967e-09
1053.2,2.4997744,0.3644855809,-32.08051746,4.38029412,-0.8271573449,,66.88040574,3.230216327e-06,7.258224512e-06,6.435340941e-07
1053.3,2.499754876,0.3644636342,-32.08052366,4.380294305,-0.827157283,,66.88040574,-3.449869061e-06,-2.542589034e-06,-2.24533391e-07
1053.4,2.499759609,0.3644511821,-32.08051587,4.380294099,-0.8271570917,,66.88040576,2.376676656e-06,9.574520969e-07,8.554247298e-08
1053.5,2.499775022,0.3644440751,-32.08043643,4.380294195,-0.8271573378,,66.88040574,-1.876884286e-06,4.81128578e-06,4.269104296e-07
1053.6,2.49978575,0.3644992847,-32.08060905,4.380294495,-0.8271572599,,66.88040575,7.200409057e-06,2.899707018e-06,2.564046821e-07
1053.7,2.499755347,0.3644592711,-32.08053047,4.380294163,-0.8271572387,,66.88040575,2.998257199e-07,-1.311141869e-06,-1.16871082e-07
1053.8,2.49980302,0.364444856,-32.08071015,4.380294402,-0.8271572431,,66.88040575,-2.477504396e-06,-5.481308492e-06,-4.856121437e-07
1053.9,2.499754933,0.364458867,-32.080535,4.380294029,-0.8271574188,,66.88040573,2.838617741e-06,-3.510079845e-07,-2.832977594e-08
1054,2.499800105,0.3644927644,-32.0806034,4.380294501,-0.8271572441,,66.88040575,-1.828501441e-06,4.797823183e-06,4.258131813e-07
1054.1,2.499741524,0.3644621732,-32.08057907,4.380293927,-0.8271573434,,66.88040574,-2.256842166e-06,-1.816399858e-06,-1.590330336e-07
1054.2,2.499792243,0.3644861675,-32.08052238,4.380294489,-0.8271574127,,66.88040573,1.739656777e-06,7.065802194e-06,6.265829656e-07
1054.3,2.49975242,0.3644631432,-32.08053057,4.38029422,-0.8271573518,,66.88040574,3.676602951e-06,-2.287087169e-06,-2.033269123e-07
1054.4,2.499783292,0.3644453986,-32.08064413,4.380294334,-0.8271571691,,66.88040575,-2.62863864e-06,4.265141917e-07,3.507101176e-08
1054.5,2.499765587,0.3644453988,-32.08040751,4.380294371,-0.827157276,,66.88040574,4.409061603e-06,3.079681255e-06,2.725824443e-07
1054.6,2.499763781,0.3644441472,-32.08047221,4.380294354,-0.8271572254,,66.88040575,-4.74941686e-06,2.467384174e-06,2.193834785e-07
1054.7,2.499789506,0.3644584542,-32.08048792,4.380294322,-0.827157244,,66.88040575,-1.081620561e-06,-7.6076933e-07,-6.861693772e-08
1054.8,2.499766691,0.3644578578,-32.08052981,4.380294222,-0.8271571957,,66.88040575,2.959427341e-06,-5.478895073e-07,-4.745432129e-08
1054.9,2.499764862,0.3644592055,-32.08052818,4.380294268,-0.8271572706,,66.88040575,2.160842161e-06,-7.956753079e-07,-6.811926605e-08
1055.01,2.499756546,0.3644528704,-32.0805331,4.380294035,-0.8271571147,,66.88040576,-1.472713029e-06,6.993789072e-07,6.047529304e-08
1055.07,2.499788828,0.3644579116,-32.08050996,4.380294149,-0.8271571317,,66.88040576,-1.354859631e-06,-8.731429314e-07,-7.518420561e-08
1055.17,2.499761335,0.364458846,-32.08057953,4.380294192,-0.8271572281,,66.88040575,-1.022095986e-06,-1.044730984e-06,-9.098134301e-08
1055.27,2.499785219,0.3644585392,-32.08052908,4.380294289,-0.8271573091,,66.88040574,-4.535904018e-07,-6.426630271e-07,-5.74653931e-08
1055.37,2.499774956,0.3644933225,-32.08060482,4.380294258,-0.8271572885,,66.88040574,-1.994321586e-06,5.052214619e-06,4.485509372e-07
1055.47,2.499781966,0.3644565819,-32.08053849,4.380294183,-0.8271571567,,66.88040576,5.117935296e-07,-5.305649037e-07,-4.952247707e-08
1055.57,2.499778488,0.3644580526,-32.08054964,4.3802942,-0.8271572373,,66.88040575,-2.01110438e-06,-8.557791715e-07,-7.802251961e-08
1055.67,2.499757972,0.3644598957,-32.08052521,4.380294264,-0.8271573132,,66.88040574,1.813684852e-06,-7.095485135e-07,-6.063587859e-08
1055.77,2.499771444,0.3644441048,-32.08048113,4.380294223,-0.8271572749,,66.88040574,-6.196198189e-06,5.274660225e-06,4.686171148e-07
1055.87,2.499780602,0.3644578943,-32.08047617,4.380294176,-0.8271571572,,66.88040576,1.57692462e-06,-5.446597516e-07,-4.720412294e-08
1055.97,2.499779377,0.3644590224,-32.08049032,4.380294242,-0.8271572402,,66.88040575,3.231096067e-06,-7.277645268e-07,-6.579168498e-08
1056.07,2.499778776,0.3644590245,-32.08051743,4.380294312,-0.8271573151,,66.88040574,2.159366655e-07,-6.199701209e-07,-5.474575689e-08
1056.17,2.499776511,0.3644586667,-32.08053226,4.380294291,-0.8271573723,,66.88040574,-2.730218514e-07,-4.601663707e-07,-4.291917416e-08
1056.27,2.499784706,0.3645004707,-32.08066155,4.380294261,-0.8271574116,,66.88040573,-5.695443172e-06,3.302085359e-06,2.93774541e-07
1056.37,2.499761108,0.364457067,-32.08052985,4.3802936,-0.8271571751,,66.88040575,-1.881075958e-06,-1.41004737e-07,-9.624421717e-09
1056.47,2.499762991,0.3644591751,-32.08052704,4.380293448,-0.8271572224,,66.88040575,-1.483628875e-06,-6.84413723e-07,-5.935845852e-08
1056.57,2.499760704,0.3644590329,-32.08053692,4.380293271,-0.8271572838,,66.88040574,9.590583187e-07,-4.974282815e-07,-4.535731861e-08
1056.67,2.499760455,0.3644593571,-32.08052703,4.380293129,-0.8271573282,,66.88040574,-5.259987029e-07,-4.252618822e-07,-3.533945753e-08
1056.77,2.499760137,0.3644592347,-32.08056372,4.380293053,-0.8271573585,,66.88040574,-1.671917568e-06,-3.87700552e-07,-3.314695802e-08
1056.87,2.499780909,0.3644581576,-32.08053689,4.380293039,-0.827157381,,66.88040574,-2.17214841e-06,-1.636461042e-07,-1.649095062e-08
1056.97,2.49975915,0.3644592966,-32.08056334,4.380292987,-0.8271573978,,66.88040573,-4.014466303e-07,-2.644159488e-07,-2.228458949e-08
1057.07,2.499779652,0.3644584057,-32.08053211,4.380292975,-0.8271574106,,66.88040573,-3.581834417e-06,-1.560285311e-07,-1.627938786e-08
1057.17,2.499779382,0.364458843,-32.08049358,4.38029295,-0.8271574226,,66.88040573,4.830664241e-07,4.690578129e-09,-1.153444996e-09
1057.27,2.499777766,0.3644589539,-32.08049503,4.380292925,-0.8271574301,,66.88040573,9.65931289e-08,1.611126981e-08,-9.959364988e-11
1057.37,2.4997773,0.3644589874,-32.08049467,4.380292917,-0.8271574356,,66.88040573,6.942761314e-07,1.237259144e-08,-2.914166027e-10
1057.47,2.499779759,0.3644599604,-32.08046493,4.380292917,-0.8271574402,,66.88040573,-7.106531707e-08,-2.633831973e-08,-1.064231022e-09
1057.57,2.499793483,0.3644438733,-32.0805322,4.380292997,-0.8271575502,,66.88040572,2.030380367e-06,-5.407671597e-06,-4.797162752e-07
1057.67,2.499778062,0.3644550029,-32.08052474,4.38029254,-0.8271584768,,66.88040564,-1.052467507e-05,-1.44820683e-05,-1.283042824e-06
1057.77,2.499766193,0.364457383,-32.0805307,4.38029139,-0.8271600887,,66.8804055,-9.844173904e-06,-1.970002829e-05,-1.746101259e-06
1057.87,2.499762833,0.3645041764,-32.08043868,4.380290443,-0.8271616306,,66.88040536,-1.075300481e-05,-2.691659942e-06,-2.375522906e-07
1057.97,2.499770811,0.3644593914,-32.0805306,4.380289181,-0.8271613317,,66.88040539,-1.475698978e-05,2.520926294e-06,2.253787159e-07
1058.07,2.499759883,0.36446054,-32.08053072,4.380288765,-0.8271611213,,66.88040541,3.980128677e-06,1.779054113e-06,1.581645847e-07
1058.17,2.499758372,0.3644612387,-32.0805257,4.380288961,-0.8271609712,,66.88040542,-4.826324558e-08,1.085918672e-06,9.847082469e-08
1058.27,2.499758877,0.3644611459,-32.0805278,4.380289053,-0.8271608713,,66.88040543,3.197831949e-06,8.236378061e-07,7.407925665e-08
1058.37,2.499780553,0.3644605825,-32.08049018,4.380289089,-0.8271607993,,66.88040543,1.70739634e-07,6.694770393e-07,5.800427854e-08
1058.47,2.499773423,0.3644522669,-32.08052741,4.380288844,-0.8271612623,,66.88040539,-7.084472504e-06,-1.410574096e-05,-1.250208945e-06
1058.57,2.499767744,0.3644646135,-32.08052926,4.380288046,-0.8271627364,,66.88040526,-8.084629947e-06,-1.381057593e-05,-1.223931158e-06
1058.67,2.499763085,0.3644581375,-32.08050498,4.380287301,-0.8271639051,,66.88040516,-7.227021302e-06,-7.351016862e-06,-6.510761246e-07
1058.77,2.499768166,0.3644617486,-32.08052826,4.380286617,-0.8271650261,,66.88040506,-7.514918032e-06,-1.505717618e-05,-1.334556645e-06
1058.87,2.49976561,0.3644671,-32.08052918,4.380285898,-0.8271664416,,66.88040493,-6.407690563e-06,-1.246522288e-05,-1.104811001e-06
1058.97,2.499753351,0.3645131893,-32.08052727,4.38028532,-0.8271674182,,66.88040485,4.540069261e-07,1.370630487e-05,1.215638704e-06
1059.07,2.49977069,0.3644359966,-32.08051167,4.380285267,-0.8271671651,,66.88040487,-2.22298374e-08,-5.880779854e-06,-5.214918084e-07
1059.17,2.499774723,0.3644336203,-32.08051638,4.380285561,-0.8271671417,,66.88040487,2.505401228e-06,-5.413507561e-06,-4.803587001e-07
1059.27,2.499754567,0.3645040706,-32.08052958,4.380285892,-0.8271673727,,66.88040485,4.748226961e-06,4.296822544e-06,3.80383638e-07
1059.37,2.499757573,0.3644960248,-32.08054696,4.380286253,-0.8271672297,,66.88040486,5.036093149e-06,5.981629064e-06,5.297856613e-07
1059.47,2.499805777,0.3644127456,-32.08065877,4.380286475,-0.8271672536,,66.88040486,-3.823799401e-06,-6.274634554e-07,-5.703442562e-08
1059.57,2.499778676,0.3644310826,-32.08051947,4.38028582,-0.8271670986,,66.88040488,-1.010489649e-05,-4.798120326e-06,-4.241924654e-07
1059.67,2.499763762,0.3644799557,-32.08058826,4.380285011,-0.8271669166,,66.88040489,-4.690998331e-06,9.339597448e-06,8.288528541e-07
1059.77,2.499756473,0.3644941016,-32.08054545,4.380284403,-0.8271668268,,66.8804049,-3.874960936e-06,5.40584365e-06,4.79842462e-07
1059.87,2.49974542,0.3645111613,-32.08043331,4.380284505,-0.8271665078,,66.88040493,4.030574019e-06,1.036974957e-06,9.320884469e-08
1059.97,2.499748345,0.3645140952,-32.08043334,4.380284634,-0.8271665387,,66.88040493,-1.328113315e-06,-1.406428727e-06,-1.236498459e-07
1060.07,2.499792854,0.3644054137,-32.08065358,4.380284575,-0.8271664019,,66.88040494,-6.00960686e-07,-3.958077154e-07,-3.659712758e-08
1060.17,2.499737942,0.3645135972,-32.08037566,4.380284514,-0.827166407,,66.88040494,7.704626809e-07,2.575379988e-06,2.291297443e-07
1060.27,2.499764713,0.3644804429,-32.08058941,4.380284551,-0.827166379,,66.88040494,2.979884358e-06,7.42890919e-06,6.584225269e-07
1060.37,2.499758151,0.3644943885,-32.08054579,4.380284641,-0.827166444,,66.88040493,2.205740806e-06,4.183159739e-06,3.70636727e-07
1060.47,2.499743217,0.3645170934,-32.08041473,4.380284806,-0.827166462,,66.88040493,8.823874801e-07,-1.555643383e-06,-1.366743624e-07
1060.57,2.499792068,0.364408742,-32.08064999,4.380285067,-0.8271663131,,66.88040495,2.082066562e-06,-1.630645929e-06,-1.453452349e-07
1060.67,2.499784627,0.364425195,-32.08056615,4.380285337,-0.8271662838,,66.88040495,2.824424928e-07,-8.462021064e-06,-7.504882741e-07
1060.77,2.499766606,0.36448082,-32.08059616,4.380285578,-0.8271663524,,66.88040494,4.807418553e-06,6.874663582e-06,6.090323101e-07
1060.87,2.499759209,0.3644944254,-32.08054561,4.380285835,-0.8271664414,,66.88040493,3.673943927e-06,4.177198087e-06,3.699287373e-07
1060.97,2.499797645,0.3643969652,-32.08068231,4.380286193,-0.8271662517,,66.88040495,4.13236011e-06,1.647827584e-06,1.450230804e-07
1061.07,2.499779444,0.3644810049,-32.08058589,4.380286339,-0.8271663105,,66.88040495,-2.263112021e-06,7.36412278e-06,6.533382441e-07
1061.17,2.499779153,0.3644245702,-32.08051258,4.380285596,-0.8271661491,,66.88040496,-1.087649566e-05,-4.744929528e-06,-4.193434459e-07
1061.27,2.499788173,0.3644068445,-32.08062534,4.380284749,-0.827165895,,66.88040498,-8.284112195e-06,-8.000821201e-07,-6.979033343e-08
1061.37,2.49978925,0.3644033935,-32.08063211,4.380284148,-0.8271656157,,66.88040501,-5.275718146e-06,-8.266239288e-07,-7.251863855e-08
1061.47,2.49975857,0.3644874686,-32.08054339,4.380283755,-0.8271655419,,66.88040501,-2.036525136e-06,3.951134496e-06,3.506098108e-07
1061.57,2.499764812,0.3644777715,-32.08058758,4.380283594,-0.8271654125,,66.88040503,4.227373434e-07,5.484337739e-06,4.862792704e-07
1061.67,2.499766164,0.3644757672,-32.08058967,4.380283609,-0.8271652689,,66.88040504,2.052958923e-06,5.581349656e-06,4.946831349e-07
1061.77,2.499738591,0.3645121112,-32.08037418,4.380283674,-0.8271653062,,66.88040504,9.031799479e-07,-2.018331747e-07,-1.554521938e-08
1061.87,2.499739183,0.3645098721,-32.08037145,4.380283854,-0.827165206,,66.88040504,2.108903621e-06,3.633784815e-07,3.453590927e-08
1061.97,2.499780654,0.364421525,-32.08053144,4.38028412,-0.8271651016,,66.88040505,1.823322359e-07,-8.224721052e-06,-7.293859722e-07
1062.07,2.499790935,0.3644046088,-32.08063158,4.38028433,-0.8271651675,,66.88040505,1.968804168e-06,-2.595987689e-06,-2.303783493e-07
1062.17,2.499791768,0.3644034832,-32.08063185,4.380284638,-0.8271650747,,66.88040506,2.458029313e-06,-2.517549732e-06,-2.234649716e-07
1062.27,2.499767271,0.3644769368,-32.0805904,4.380284872,-0.8271652031,,66.88040505,4.198419307e-06,4.972093384e-06,4.403745247e-07
1062.37,2.499744699,0.3645114277,-32.08040353,4.380285186,-0.8271651804,,66.88040505,1.88985147e-06,-2.870102134e-06,-2.52982644e-07
1062.47,2.499740614,0.3645111496,-32.080375,4.380285481,-0.8271651852,,66.88040505,2.860793024e-06,-2.594082607e-07,-2.09188354e-08
1062.57,2.499740776,0.364509952,-32.08037078,4.380285822,-0.8271651039,,66.88040505,3.333676258e-06,1.590844876e-07,1.626565091e-08
1062.67,2.499763666,0.3644917064,-32.08050375,4.380285945,-0.8271651263,,66.88040505,-3.302540076e-06,4.705789986e-06,4.17731742e-07
1062.77,2.499755391,0.3644913313,-32.08049272,4.380285185,-0.8271650425,,66.88040506,-8.656100858e-06,4.652512722e-06,4.136846785e-07
1062.87,2.499789254,0.364404786,-32.08062413,4.380284367,-0.827164737,,66.88040509,-9.35593965e-06,-3.600753225e-06,-3.180594255e-07
1062.97,2.499758926,0.3644772713,-32.08053958,4.380283742,-0.8271645032,,66.88040511,-3.507071922e-06,6.23142852e-06,5.530818942e-07
1063.07,2.499759505,0.3644857585,-32.08054216,4.380283363,-0.8271644188,,66.88040512,-3.173449556e-06,1.201300621e-06,1.051746357e-07
1063.17,2.499798036,0.3643893699,-32.08068029,4.380283244,-0.8271641562,,66.88040514,-1.30690261e-06,-2.14382551e-06,-1.905451826e-07
1063.27,2.499753339,0.3644882079,-32.08049274,4.380283188,-0.8271641985,,66.88040513,9.708715618e-07,2.990911474e-06,2.665214368e-07
1063.37,2.499777451,0.3644192882,-32.0805024,4.380283336,-0.8271640177,,66.88040515,-1.044571018e-06,-9.005927241e-06,-7.984834182e-07
1063.47,2.499760414,0.3644778089,-32.08053863,4.380283491,-0.8271640341,,66.88040515,3.254209146e-06,4.607367201e-06,4.08190776e-07
1063.57,2.499749878,0.3644984019,-32.08042629,4.380283712,-0.8271639989,,66.88040515,1.406716726e-06,-3.030901574e-06,-2.676431768e-07
1063.67,2.499800631,0.3643841283,-32.08068486,4.380283951,-0.8271639506,,66.88040516,2.941324053e-06,-9.094405075e-07,-8.15768012e-08
1063.77,2.49975508,0.3644877951,-32.08049263,4.380284235,-0.8271639814,,66.88040515,3.540971092e-06,2.536859077e-06,2.259341496e-07
1063.87,2.499779751,0.364415892,-32.08050516,4.380284558,-0.8271638696,,66.88040516,1.065609912e-06,-8.358884404e-06,-7.413539672e-07
1063.97,2.499761497,0.3644737357,-32.08053583,4.380284828,-0.8271639482,,66.88040516,5.08497358e-06,6.251410202e-06,5.537962665e-07
1064.07,2.499755474,0.3644888125,-32.08049487,4.380285113,-0.8271640232,,66.88040515,3.425808006e-06,2.292514551e-06,2.041369267e-07
1064.17,2.499794777,0.3643845156,-32.08067524,4.380285582,-0.8271638192,,66.88040517,7.71830798e-06,-1.262056066e-06,-1.127049863e-07
1064.27,2.499765282,0.3644878472,-32.08049154,4.380286334,-0.8271638682,,66.88040516,3.328995965e-06,2.496522537e-06,2.224294871e-07
1064.46,2.499764016,0.3644716217,-32.08052709,4.38028642,-0.8271636653,,66.88040518,9.446660712e-07,6.914138875e-06,6.131364395e-07
